0.683912 0.543504
0.685701 0.551136
0.612810 0.570245
0.635553 0.544047
0.653693 0.605594
0.603179 0.550726
0.596721 0.538333
0.620776 0.569200
0.586121 0.508019
0.620839 0.569215
0.592170 0.583324
0.617947 0.569357
0.645497 0.569252
0.623526 0.528297
0.619149 0.569437
0.692148 0.566138
0.628743 0.564650
0.615845 0.569997
0.645438 0.590203
0.617898 0.601659
0.607161 0.563191
0.617343 0.567151
0.647354 0.551287
0.681015 0.600723
0.613211 0.549801
0.617065 0.577906
0.576223 0.564871
0.621231 0.557078
0.623468 0.569735
0.582719 0.564444
0.629063 0.507688
0.604394 0.568330
0.642961 0.543654
0.573605 0.488273
0.643646 0.563882
0.627132 0.544325
0.613081 0.564158
0.616428 0.596339
0.620235 0.547915
0.630534 0.542935
0.634184 0.544590
0.643119 0.574509
0.622498 0.560643
0.656739 0.552052
0.596891 0.629883
0.556429 0.572689
0.649030 0.573304
0.575024 0.620492
0.621089 0.569413
0.621419 0.549145
0.634821 0.588464
0.569005 0.640776
0.537857 0.498346
0.619896 0.566828
0.614361 0.618483
0.619376 0.585168
0.676796 0.561780
0.630967 0.596030
0.592985 0.631025
0.663757 0.591635
0.709233 0.524571
0.675758 0.567493
0.552155 0.557577
0.613070 0.529820
0.630188 0.569369
0.646270 0.534262
0.620223 0.568780
0.619129 0.485917
0.622020 0.524326
0.611755 0.520244
0.626775 0.545333
0.613883 0.522329
0.637504 0.500822
0.616025 0.620853
0.619017 0.572912
0.526238 0.532300
0.622761 0.568981
0.608901 0.621974
0.623330 0.591951
0.598539 0.556770
0.632840 0.524867
0.641765 0.580123
0.620521 0.569297
0.643099 0.662245
0.617271 0.574913
0.578817 0.550418
0.657650 0.529321
0.629396 0.528879
0.598459 0.653586
0.615607 0.593021
0.621383 0.567781
0.622963 0.598319
0.627533 0.566195
0.589742 0.562604
0.633143 0.520201
0.622102 0.566977
0.625667 0.582471
0.666074 0.574216
0.623165 0.565767
0.576452 0.552504
0.701105 0.619474
0.729491 0.598435
0.620368 0.568972
0.631644 0.597873
0.628026 0.491607
0.619832 0.569088
0.564585 0.584631
0.558526 0.564689
0.583115 0.552595
0.709973 0.562868
0.620127 0.568671
0.623038 0.566507
0.603707 0.621411
0.630501 0.525258
0.590615 0.539473
0.612708 0.562261
0.617232 0.565972
0.622191 0.563599
0.608803 0.553092
0.608557 0.621555
0.626208 0.523970
0.735380 0.605044
0.599940 0.493648
0.537229 0.559533
0.679844 0.581513
0.623882 0.568519
0.620057 0.568123
0.606771 0.565405
0.630531 0.580630
0.664068 0.662607
0.550607 0.656269
0.568501 0.601793
0.613284 0.581867
0.601053 0.561444
0.557681 0.531408
0.667915 0.570457
0.614880 0.615305
0.577347 0.552755
0.634616 0.612002
0.635839 0.572099
0.580983 0.553397
0.654689 0.524325
0.573737 0.561954
0.610518 0.632559
0.622048 0.543171
0.620430 0.567947
0.616531 0.596350
0.612511 0.574527
0.631672 0.532662
0.620497 0.565745
0.619736 0.568121
0.677585 0.562856
0.614493 0.578296
0.691458 0.586251
0.608717 0.525169
0.677358 0.437439
0.624893 0.586273
0.640228 0.496859
0.617827 0.563561
0.659363 0.589313
0.604833 0.640881
0.581383 0.568520
0.572374 0.564318
0.657664 0.583964
0.580368 0.528983
0.582450 0.574374
0.680187 0.613197
0.687605 0.565488
0.612410 0.520654
0.622297 0.616250
0.632857 0.586818
0.618860 0.518405
0.585383 0.590478
0.618111 0.535863
0.621224 0.567819
0.559172 0.553396
0.600096 0.547924
0.670730 0.585399
0.604254 0.527875
0.596765 0.534998
0.712368 0.548947
0.625395 0.545124
0.649909 0.533138
0.619467 0.630116
0.645811 0.614475
0.591654 0.568652
0.620152 0.568999
0.624208 0.571352
0.616516 0.639133
0.615935 0.530600
0.648908 0.559293
0.717333 0.653640
0.636450 0.561495
0.629812 0.566334
0.581237 0.575102
0.605815 0.622196
0.622486 0.673226
0.600075 0.568717
0.652926 0.574031
0.631324 0.569048
0.608445 0.574214
0.623170 0.571192
0.622802 0.568434
0.609531 0.628883
0.704650 0.576745
0.617435 0.572033
0.619053 0.585773
0.633389 0.617512
0.623732 0.463188
0.628103 0.567083
0.594276 0.562433
0.618875 0.591674
0.615852 0.550238
0.622087 0.574581
0.594341 0.562807
0.622523 0.536339
0.622135 0.568277
0.622332 0.569742
0.687428 0.564844
0.594633 0.558796
0.613478 0.570870
0.626704 0.569031
0.619902 0.569855
0.641677 0.523068
0.615673 0.587178
0.591575 0.615433
0.677802 0.609167
0.577026 0.466966
0.627465 0.512919
0.583354 0.561820
0.645241 0.573723
0.608172 0.580032
0.552955 0.625657
0.607131 0.639357
0.655427 0.542004
0.656228 0.628836
0.627821 0.554172
0.665808 0.568412
0.534072 0.592039
0.617071 0.522712
0.545542 0.558108
0.667857 0.519437
0.638074 0.558072
0.639594 0.578568
0.612654 0.643513
0.564109 0.571531
0.625117 0.608289
0.719788 0.612830
0.677672 0.577558
0.559164 0.595979
0.692834 0.558207
0.654553 0.583144
0.717862 0.541067
0.545279 0.577540
0.538115 0.544132
0.565963 0.603823
0.718347 0.600785
0.604097 0.594055
0.739085 0.620464
0.624864 0.581959
0.570570 0.560996
0.605190 0.608686
0.604500 0.556740
0.641726 0.505407
0.579173 0.544119
0.599778 0.569297
0.597529 0.534504
0.657625 0.571539
0.624618 0.568298
0.683295 0.581909
0.645616 0.556596
0.613073 0.547659
0.610708 0.571299
0.677483 0.566669
0.678997 0.486446
0.622620 0.576604
0.660366 0.572305
0.602506 0.558735
0.604326 0.591515
0.617811 0.567575
0.595177 0.519549
0.638871 0.572925
0.572097 0.571024
0.637265 0.569081
0.609453 0.564326
0.554222 0.501849
0.609272 0.573667
0.618641 0.570592
0.649189 0.554606
0.612075 0.561449
0.627824 0.576819
0.582424 0.558689
0.609299 0.567471
0.612644 0.570299
0.593312 0.568118
0.694092 0.590408
0.608077 0.546779
0.609473 0.582383
0.688521 0.557630
0.647158 0.528928
0.829732 0.290725
0.829868 0.290790
0.843007 0.306510
0.828607 0.294159
0.782956 0.189048
0.875371 0.406167
0.825026 0.288028
0.806823 0.239639
0.825132 0.285110
0.829503 0.288287
0.810761 0.230288
0.834606 0.284494
0.860640 0.345325
0.830733 0.308979
0.830126 0.298285
0.836656 0.311231
0.817307 0.275436
0.831923 0.300265
0.829017 0.284729
0.830473 0.290773
0.832301 0.287127
0.828229 0.284016
0.807854 0.254379
0.825171 0.297365
0.829745 0.292967
0.837845 0.291413
0.830148 0.289333
0.903250 0.462367
0.849675 0.327934
0.829259 0.289667
0.826531 0.297269
0.833657 0.290913
0.831681 0.283263
0.829628 0.296521
0.825247 0.289687
0.815595 0.272710
0.817904 0.270654
0.846286 0.324916
0.825750 0.272226
0.833013 0.305787
0.837344 0.303662
0.830339 0.293264
0.824251 0.281027
0.849081 0.321296
0.843601 0.329762
0.828698 0.291684
0.830316 0.285260
0.843384 0.315465
0.824499 0.292040
0.802763 0.214589
0.831775 0.302263
0.830907 0.290086
0.838235 0.300384
0.823133 0.282783
0.860420 0.371859
0.805186 0.227925
0.828142 0.290561
0.831086 0.292517
0.831005 0.283931
0.853481 0.346135
0.831693 0.291269
0.841758 0.320921
0.826935 0.297182
0.828573 0.305036
0.836002 0.316902
0.832611 0.303202
0.825545 0.272921
0.831759 0.286718
0.791481 0.205754
0.823351 0.287493
0.822409 0.285304
0.837351 0.309491
0.818474 0.276307
0.845986 0.328222
0.855938 0.353985
0.823109 0.283716
0.837318 0.305652
0.838282 0.319421
0.827329 0.296843
0.911086 0.474396
0.826477 0.294788
0.854446 0.343582
0.771597 0.167528
0.782139 0.169743
0.823311 0.256795
0.828611 0.293151
0.810575 0.257611
0.825086 0.277299
0.828387 0.288211
0.835345 0.297395
0.831127 0.286871
0.828952 0.288695
0.842081 0.330192
0.829784 0.292174
0.825339 0.287785
0.853403 0.345016
0.840190 0.318295
0.829218 0.294369
0.832385 0.277829
0.832111 0.308079
0.864371 0.364316
0.831054 0.285692
0.835840 0.322231
0.846269 0.310136
0.813913 0.237302
0.854236 0.359485
0.825355 0.292202
0.828918 0.297838
0.835132 0.291251
0.828996 0.283501
0.795604 0.227015
0.825203 0.296973
0.835963 0.298385
0.823679 0.261788
0.826317 0.292012
0.833801 0.285196
0.818268 0.279358
0.828807 0.288021
0.823009 0.288497
0.837709 0.320149
0.837070 0.292503
0.806761 0.248415
0.809674 0.243778
0.825518 0.294332
0.829957 0.290321
0.814984 0.268143
0.835954 0.286515
0.828817 0.282215
0.828517 0.272230
0.823398 0.281603
0.843127 0.309315
0.840744 0.297912
0.835510 0.288766
0.802204 0.242883
0.828240 0.300076
0.835010 0.285679
0.832128 0.286822
0.830234 0.290544
0.856534 0.355092
0.843073 0.318577
0.832720 0.281144
0.835547 0.303719
0.832105 0.308421
0.846578 0.321674
0.872603 0.378223
0.845236 0.323945
0.847865 0.347564
0.813499 0.262312
0.811290 0.255081
0.833820 0.292023
0.818306 0.274588
0.831577 0.291859
0.863319 0.357308
0.799464 0.218244
0.829807 0.292810
0.805771 0.251370
0.843295 0.306634
0.833491 0.296408
0.829245 0.290254
0.827806 0.291162
0.826038 0.288149
0.834654 0.292703
0.796124 0.224598
0.855395 0.350114
0.819589 0.269068
0.829570 0.285357
0.833269 0.289985
0.839672 0.306430
0.868726 0.374662
0.839289 0.315407
0.804724 0.218889
0.849601 0.326264
0.830218 0.291707
0.806272 0.251010
0.838982 0.296587
0.822607 0.281055
0.843256 0.318716
0.862756 0.350517
0.821881 0.277918
0.830265 0.291836
0.832546 0.293143
0.827019 0.298554
0.871047 0.382475
0.828005 0.296033
0.832471 0.301666
0.832724 0.293248
0.831343 0.304377
0.831316 0.298695
0.811276 0.252969
0.828570 0.283130
0.830226 0.289953
0.831782 0.291363
0.840069 0.309314
0.831635 0.287469
0.828138 0.290161
0.842360 0.336356
0.828835 0.288884
0.868570 0.383729
0.790945 0.215690
0.828434 0.283349
0.835367 0.292964
0.833896 0.290019
0.826303 0.284534
0.830917 0.288312
0.829644 0.292463
0.829488 0.290433
0.871497 0.377070
0.859442 0.352190
0.860796 0.347616
0.833384 0.307753
0.832358 0.288116
0.837109 0.289136
0.796375 0.207141
0.832697 0.291295
0.863828 0.368203
0.825800 0.267724
0.822745 0.281480
0.829406 0.278325
0.838238 0.316579
0.822383 0.276752
0.837927 0.320250
0.840307 0.331455
0.829480 0.288997
0.831676 0.290470
0.833090 0.287897
0.824924 0.263227
0.842737 0.308261
0.841860 0.303493
0.855747 0.351351
0.829117 0.294887
0.831713 0.289457
0.830491 0.293108
0.810177 0.233260
0.826648 0.289440
0.829672 0.300688
0.826625 0.299339
0.827038 0.272818
0.830792 0.284217
0.827880 0.287026
0.821615 0.285789
0.833078 0.306498
0.821576 0.269024
0.824863 0.290889
0.828794 0.292623
0.829988 0.291280
0.834443 0.293251
0.824825 0.295999
0.850287 0.326914
0.837020 0.291115
0.791249 0.215670
0.853798 0.339977
0.827017 0.282689
0.825103 0.281979
0.828716 0.289092
0.832174 0.281886
0.824153 0.287572
0.829314 0.289767
0.829863 0.290661
0.829990 0.290507
0.831683 0.291519
0.832272 0.291050
0.834671 0.311785
0.817042 0.257253
0.829782 0.291231
0.832611 0.304668
0.827745 0.288929
0.785417 0.193550
0.827060 0.299339
0.821395 0.283747
0.834807 0.287202
0.813487 0.235806
0.850549 0.342988
0.830119 0.284540
0.809530 0.248804
0.831949 0.291640
0.822782 0.261076
0.822438 0.287014
0.827346 0.289657
0.826234 0.296899
0.832777 0.311604
0.847331 0.323558
0.839246 0.309958
0.821263 0.254743
0.829506 0.287786
0.837274 0.299248
0.842582 0.301907
0.829124 0.289293
0.825032 0.273652
0.830679 0.294603
0.839839 0.307159
0.814002 0.252538
0.800453 0.205221
0.832027 0.294349
0.810171 0.259542
0.828348 0.288735
0.835976 0.289687
0.825920 0.292087
0.833443 0.289624
0.829336 0.294875
0.877661 0.410935
0.829683 0.294821
0.834560 0.299592
0.839410 0.302671
0.829492 0.271287
0.828513 0.281445
0.829833 0.291250
0.827246 0.286085
0.823061 0.266809
0.836268 0.292972
0.828588 0.299793
0.829345 0.292856
0.838481 0.299883
0.856317 0.343411
0.832800 0.283855
0.815367 0.262220
0.829354 0.288234
0.380462 0.832091
0.410138 0.828536
0.405091 0.798414
0.455163 0.866510
0.440079 0.839186
0.370829 0.743528
0.417577 0.783435
0.371062 0.741895
0.380768 0.803089
0.429199 0.792631
0.420498 0.788954
0.426186 0.813373
0.438185 0.796680
0.385512 0.801282
0.418783 0.783068
0.430334 0.785681
0.476909 0.826252
0.449142 0.817610
0.347350 0.818217
0.417106 0.817780
0.353501 0.822969
0.448407 0.765600
0.420965 0.799271
0.424433 0.807196
0.427894 0.837804
0.403531 0.802847
0.434926 0.787813
0.464620 0.801540
0.419887 0.798910
0.392433 0.760714
0.420079 0.799641
0.449639 0.796899
0.408609 0.759094
0.392263 0.739040
0.481522 0.865536
0.500765 0.791484
0.443308 0.798153
0.459322 0.866655
0.421776 0.790664
0.409876 0.800663
0.443399 0.808149
0.425090 0.808160
0.423651 0.756250
0.477210 0.838918
0.401068 0.773982
0.422787 0.803552
0.411259 0.813093
0.361403 0.791131
0.481856 0.809067
0.451499 0.774994
0.452919 0.845774
0.414157 0.741145
0.399850 0.831651
0.411689 0.725800
0.421664 0.806216
0.448379 0.764357
0.415757 0.797639
0.411817 0.777151
0.397177 0.818578
0.489640 0.794111
0.399402 0.808465
0.465657 0.799830
0.424455 0.803148
0.429502 0.794262
0.379874 0.735322
0.454828 0.802845
0.416501 0.800675
0.412805 0.841394
0.421584 0.786995
0.398506 0.799858
0.416834 0.821523
0.416375 0.744642
0.410977 0.800605
0.378748 0.831651
0.399858 0.797346
0.518726 0.847716
0.418398 0.832220
0.446810 0.795179
0.442744 0.830041
0.396897 0.760989
0.423064 0.809895
0.431110 0.800217
0.418979 0.800572
0.412770 0.818657
0.380020 0.827142
0.421746 0.805972
0.467603 0.793236
0.391712 0.756591
0.398896 0.823642
0.389125 0.804957
0.446688 0.780353
0.444321 0.738531
0.372570 0.735904
0.427848 0.793783
0.394559 0.802447
0.406352 0.829611
0.482460 0.827413
0.410078 0.771762
0.471208 0.806878
0.452675 0.810541
0.405973 0.800048
0.418325 0.800154
0.430115 0.804064
0.421488 0.798134
0.429021 0.746309
0.422041 0.795787
0.420157 0.801082
0.420526 0.800797
0.422114 0.800891
0.466392 0.818367
0.454294 0.835289
0.422840 0.870256
0.421984 0.783372
0.447482 0.792799
0.403134 0.762062
0.375246 0.797176
0.423931 0.791721
0.440373 0.823266
0.401048 0.805860
0.416290 0.785500
0.411488 0.817979
0.366528 0.804019
0.466496 0.820804
0.434805 0.880495
0.488574 0.798642
0.345053 0.708297
0.415165 0.782191
0.411441 0.804975
0.425257 0.760491
0.401131 0.805848
0.412468 0.783683
0.401194 0.759473
0.431162 0.841560
0.411552 0.777572
0.418719 0.845655
0.414784 0.776384
0.416672 0.796993
0.410249 0.760336
0.427319 0.764354
0.420547 0.738851
0.418926 0.807761
0.401907 0.838567
0.429395 0.729362
0.407651 0.806080
0.404480 0.784876
0.406035 0.795833
0.480920 0.847338
0.423288 0.858321
0.328162 0.735688
0.423284 0.826955
0.430436 0.755028
0.478802 0.782428
0.404157 0.804430
0.417163 0.787122
0.501616 0.846568
0.403606 0.759536
0.422281 0.799060
0.429761 0.780021
0.389103 0.815892
0.431851 0.801884
0.436159 0.788508
0.409588 0.794335
0.434538 0.800564
0.433084 0.773220
0.439696 0.798298
0.481553 0.802121
0.416669 0.789651
0.436094 0.862717
0.413226 0.827291
0.427084 0.732286
0.395227 0.720549
0.416978 0.800133
0.402619 0.797333
0.385152 0.759605
0.538872 0.848551
0.455023 0.819997
0.436193 0.781858
0.417911 0.768739
0.395180 0.781618
0.421413 0.807823
0.392603 0.784682
0.401928 0.789008
0.481779 0.822199
0.392282 0.801552
0.379353 0.803616
0.420043 0.797428
0.463811 0.863228
0.450583 0.836136
0.408149 0.796836
0.459942 0.788314
0.430079 0.770367
0.420394 0.788000
0.424839 0.801072
0.516685 0.878325
0.442422 0.879167
0.407261 0.798481
0.405016 0.770444
0.407611 0.806137
0.368917 0.707493
0.416741 0.797416
0.384548 0.799383
0.421444 0.800017
0.455390 0.854317
0.386349 0.823348
0.418647 0.810614
0.464383 0.803396
0.399570 0.799097
0.393207 0.803006
0.413518 0.768785
0.400934 0.830899
0.400484 0.751848
0.406591 0.816399
0.387874 0.805167
0.413742 0.851230
0.370882 0.811134
0.468209 0.791566
0.428091 0.746437
0.425292 0.802067
0.427655 0.804325
0.405106 0.803813
0.397173 0.813785
0.387749 0.810213
0.435624 0.793683
0.421328 0.821744
0.430903 0.809546
0.415716 0.855333
0.439600 0.776636
0.420300 0.796482
0.421591 0.782999
0.419731 0.787795
0.394143 0.827346
0.409201 0.773373
0.419296 0.785964
0.373568 0.830323
0.420114 0.819770
0.390733 0.828801
0.480680 0.817234
0.479872 0.862217
0.438435 0.830875
0.368128 0.816611
0.415964 0.725018
0.431242 0.830047
0.378045 0.821522
0.388196 0.725508
0.377595 0.824379
0.443813 0.797795
0.365159 0.797017
0.435512 0.834541
0.440763 0.805149
0.418421 0.751459
0.430707 0.807167
0.445760 0.749919
0.474753 0.833801
0.390394 0.759318
0.435367 0.777137
0.386778 0.797338
0.421722 0.838957
0.432575 0.835436
0.403084 0.806122
0.482757 0.791280
0.345878 0.801480
0.413622 0.766639
0.477592 0.793174
0.475944 0.844753
0.419392 0.871883
0.413820 0.760758
0.448980 0.809944
0.466738 0.834416
0.428266 0.828546
0.484345 0.784018
0.395005 0.802813
0.455161 0.829420
0.506119 0.832573
0.414494 0.779369
0.435543 0.826816
0.358376 0.811636
0.408002 0.798879
0.452739 0.774459
0.445464 0.768892
0.429151 0.752812
0.477889 0.783010
0.426011 0.792276
0.399932 0.815452
0.397905 0.748058
0.398122 0.766419
0.431067 0.801521
0.412314 0.821021
0.424242 0.790651
0.448050 0.799027
0.413939 0.853558
0.399082 0.802206
0.427698 0.823378
0.365267 0.825883
0.427875 0.818947
0.411617 0.783118
0.348256 0.811221
0.464613 0.809821
0.397445 0.855021
0.452003 0.780126
0.420887 0.799304
0.424205 0.819519
0.378235 0.809471
0.349790 0.819887
0.463564 0.752354
0.493115 0.824805
0.407056 0.725015
0.395875 0.833562
0.374461 0.784156
0.469068 0.833109
0.498184 0.785978
0.432593 0.830913
0.422793 0.835441
0.442833 0.765940
0.420977 0.796515
0.804546 0.761104
0.853546 0.732795
0.774733 0.794484
0.907877 0.704384
0.858025 0.751334
0.829068 0.759226
0.861178 0.796253
0.820689 0.776110
0.839209 0.712613
0.831856 0.765163
0.875505 0.656471
0.832304 0.739540
0.852581 0.742325
0.851616 0.740701
0.840187 0.731265
0.806802 0.786482
0.886233 0.720742
0.831768 0.744571
0.818240 0.755477
0.844712 0.741938
0.871924 0.707186
0.862122 0.761399
0.813272 0.707135
0.854460 0.711017
0.863005 0.793886
0.847271 0.812104
0.889259 0.715789
0.858444 0.653856
0.867082 0.746684
0.802624 0.792952
0.853677 0.720852
0.860561 0.717534
0.894109 0.744386
0.844159 0.710453
0.858326 0.657091
0.812005 0.783330
0.913398 0.712502
0.793583 0.735396
0.854709 0.742788
0.842726 0.747278
0.871472 0.746873
0.871557 0.748656
0.858112 0.773024
0.852388 0.736371
0.886357 0.781044
0.859542 0.740707
0.865703 0.739498
0.847563 0.815335
0.852954 0.707239
0.840997 0.694608
0.859909 0.705110
0.893444 0.663873
0.846095 0.757374
0.801060 0.767711
0.831895 0.718883
0.826035 0.721220
0.914913 0.735570
0.890582 0.705787
0.865245 0.736592
0.869623 0.745011
0.871665 0.747148
0.870662 0.736942
0.907223 0.690464
0.894262 0.757526
0.849596 0.721486
0.847058 0.740649
0.875576 0.687077
0.877439 0.726635
0.821379 0.732238
0.851351 0.741302
0.856190 0.647930
0.849699 0.758014
0.843532 0.713442
0.868670 0.777764
0.901838 0.755350
0.845139 0.741666
0.829348 0.746412
0.879879 0.758843
0.843070 0.730870
0.868472 0.759531
0.870843 0.733264
0.817061 0.720870
0.856937 0.714657
0.816898 0.746942
0.865281 0.671361
0.879208 0.751111
0.845178 0.757521
0.829702 0.772016
0.852162 0.693720
0.906297 0.743033
0.836753 0.745964
0.781214 0.761973
0.843699 0.737345
0.862869 0.713686
0.879328 0.773599
0.827996 0.797506
0.830937 0.735817
0.857975 0.823824
0.850078 0.711366
0.854204 0.750888
0.832848 0.756823
0.852626 0.741795
0.870040 0.737034
0.857512 0.741247
0.882916 0.728799
0.845496 0.717914
0.825983 0.731675
0.818134 0.746945
0.851354 0.736517
0.897893 0.730935
0.759418 0.829608
0.910584 0.709770
0.820658 0.689786
0.838625 0.773468
0.816835 0.718860
0.912187 0.657191
0.909761 0.688807
0.848732 0.744669
0.836515 0.739238
0.881649 0.775192
0.840568 0.777465
0.854385 0.772038
0.879670 0.802417
0.841081 0.748247
0.906148 0.719504
0.873305 0.723918
0.862912 0.743399
0.846822 0.738224
0.853915 0.754211
0.804425 0.812422
0.900800 0.680742
0.834104 0.704093
0.870927 0.804217
0.824864 0.734266
0.862690 0.795618
0.846611 0.715801
0.887570 0.738842
0.833500 0.773558
0.886083 0.785474
0.877020 0.652634
0.824854 0.678064
0.856961 0.798355
0.847426 0.726659
0.823004 0.799560
0.846968 0.732689
0.877468 0.687801
0.854720 0.756377
0.854289 0.821173
0.852104 0.744665
0.833821 0.741096
0.852777 0.740475
0.881570 0.748806
0.850747 0.741854
0.824687 0.732349
0.894359 0.750177
0.855367 0.709774
0.829024 0.675792
0.855054 0.722742
0.874708 0.738244
0.849580 0.741389
0.879653 0.709603
0.855181 0.747213
0.849717 0.740775
0.851477 0.759098
0.868134 0.772436
0.904228 0.689838
0.882130 0.727508
0.845904 0.749067
0.851560 0.741370
0.844503 0.765918
0.865937 0.767163
0.900941 0.746176
0.855693 0.738914
0.846411 0.738481
0.910791 0.729898
0.837057 0.738189
0.819045 0.761163
0.872312 0.776085
0.855090 0.741204
0.776316 0.845166
0.833094 0.801274
0.849533 0.742808
0.902390 0.711302
0.838478 0.666061
0.851533 0.718458
0.898301 0.724219
0.859283 0.725940
0.867990 0.774378
0.811115 0.740909
0.828344 0.740495
0.894512 0.727084
0.869244 0.654250
0.880473 0.720799
0.858134 0.722416
0.850664 0.760049
0.907328 0.738119
0.848328 0.737253
0.846162 0.737766
0.825768 0.722266
0.868980 0.780052
0.859303 0.732659
0.780165 0.810344
0.911623 0.748014
0.851353 0.740463
0.813764 0.769739
0.853559 0.691990
0.815349 0.750387
0.869855 0.734205
0.851901 0.735212
0.885854 0.733393
0.815734 0.746403
0.869056 0.706176
0.871007 0.773317
0.846562 0.742691
0.836498 0.746187
0.904825 0.760722
0.815538 0.708646
0.866549 0.715592
0.851761 0.800009
0.922452 0.708307
0.852112 0.754543
0.822923 0.701700
0.862317 0.733240
0.844650 0.694572
0.874348 0.797899
0.863886 0.769491
0.851953 0.793533
0.829268 0.770098
0.872416 0.739939
0.837417 0.741456
0.852016 0.769690
0.847000 0.722832
0.868409 0.736915
0.829377 0.765582
0.848933 0.826009
0.843736 0.742753
0.862156 0.723252
0.909302 0.661122
0.853420 0.759251
0.849048 0.746718
0.848007 0.753305
0.840805 0.667003
0.829718 0.711082
0.856790 0.742907
0.874686 0.729039
0.839201 0.743760
0.809383 0.770122
0.829343 0.722826
0.899139 0.724026
0.859595 0.738638
0.882113 0.745610
0.814231 0.741466
0.795890 0.728591
0.833326 0.744177
0.902457 0.747883
0.848194 0.736553
0.885090 0.755913
0.835605 0.692461
0.775514 0.814556
0.853530 0.746758
0.866102 0.717230
0.817703 0.756870
0.841995 0.748038
0.830020 0.736145
0.855063 0.742324
0.850333 0.738780
0.856844 0.699660
0.852155 0.728067
0.794732 0.773211
0.852632 0.742250
0.850473 0.814546
0.858383 0.739618
0.850131 0.747159
0.808207 0.746863
0.848731 0.664618
0.863661 0.754042
0.817009 0.740321
0.852345 0.774216
0.802152 0.726986
0.897181 0.720477
0.849810 0.737261
0.880690 0.747968
0.788049 0.805887
0.850881 0.706410
0.853587 0.764292
0.831675 0.704227
0.853137 0.736120
0.824228 0.716777
0.849416 0.736367
0.859022 0.744172
0.852995 0.757119
0.847780 0.749569
0.838313 0.743573
0.872427 0.789934
0.830417 0.762082
0.832211 0.678941
0.860011 0.748167
0.853722 0.737198
0.884068 0.781666
0.898960 0.763810
0.839807 0.709739
0.855074 0.743061
0.845734 0.782630
0.813479 0.776953
0.846429 0.742324
0.838132 0.745685
0.782904 0.786534
0.847471 0.740312
0.815383 0.776875
0.853168 0.742789
0.841149 0.736083
0.867950 0.702298
0.825889 0.699845
0.851688 0.752032
0.851339 0.740551
0.825162 0.720109
0.828373 0.742350
0.842236 0.746225
0.892795 0.120841
0.892196 0.115926
0.888986 0.112564
0.895384 0.081655
0.869595 0.117897
0.880372 0.122841
0.908758 0.090067
0.940543 0.107635
0.929822 0.078688
0.847288 0.062432
0.933156 0.160206
0.901430 0.111823
0.880802 0.100807
0.864499 0.120106
0.875050 0.110996
0.865385 0.175323
0.858009 0.113662
0.908142 0.084552
0.882195 0.114288
0.828965 0.136457
0.862724 0.108333
0.909684 0.136437
0.855900 0.132428
0.894629 0.149274
0.870529 0.112259
0.885775 0.091282
0.886725 0.098122
0.881742 0.118567
0.900746 0.118522
0.922263 0.167935
0.896227 0.119733
0.882529 0.114097
0.908582 0.167282
0.870954 0.113780
0.926112 0.106487
0.906143 0.081886
0.866770 0.162086
0.856226 0.099617
0.886395 0.118013
0.916768 0.173468
0.835975 0.127949
0.870874 0.073710
0.864827 0.176674
0.896087 0.095912
0.888021 0.071792
0.889632 0.118626
0.881220 0.062751
0.833338 0.106411
0.896428 0.107682
0.890285 0.107630
0.902662 0.076486
0.887174 0.120677
0.881357 0.083497
0.881231 0.116054
0.857824 0.102180
0.893902 0.118563
0.880679 0.115686
0.899348 0.127921
0.868584 0.114881
0.878670 0.123122
0.887910 0.116382
0.892428 0.110611
0.901644 0.127813
0.868782 0.146348
0.892832 0.096994
0.859124 0.100618
0.898208 0.132456
0.904051 0.156177
0.897611 0.120310
0.883124 0.064541
0.877197 0.111939
0.866396 0.138433
0.891474 0.164940
0.881105 0.114090
0.928006 0.164121
0.896376 0.129912
0.879162 0.120336
0.846800 0.142239
0.889724 0.157739
0.893103 0.120266
0.919163 0.131567
0.881783 0.115185
0.909962 0.119728
0.917115 0.065417
0.925432 0.129719
0.830640 0.039922
0.894714 0.116206
0.853770 0.126407
0.842029 0.115273
0.870912 0.123735
0.889707 0.138180
0.877198 0.102416
0.890210 0.108935
0.882531 0.111598
0.939555 0.122880
0.888929 0.095859
0.876489 0.154186
0.929196 0.108582
0.896026 0.107993
0.894589 0.117718
0.893516 0.128589
0.890654 0.121519
0.947004 0.118794
0.873554 0.137784
0.854168 0.089773
0.872977 0.135275
0.892682 0.113365
0.871720 0.149647
0.850843 0.111291
0.870935 0.128655
0.857609 0.150013
0.875581 0.123363
0.878848 0.069184
0.920730 0.125113
0.860111 0.090479
0.882153 0.116013
0.878279 0.076839
0.903035 0.107283
0.807032 0.092785
0.843361 0.088659
0.864700 0.132942
0.883743 0.118257
0.885429 0.115620
0.916596 0.116743
0.881403 0.064647
0.866788 0.108830
0.914306 0.131790
0.842151 0.096376
0.903732 0.097016
0.816801 0.117723
0.906316 0.114290
0.890547 0.106714
0.805667 0.097446
0.904583 0.077458
0.915240 0.120017
0.814657 0.101947
0.880906 0.126041
0.874625 0.129720
0.881874 0.116045
0.841091 0.137799
0.869080 0.096880
0.882189 0.116132
0.891470 0.114894
0.886216 0.151292
0.929703 0.082067
0.889485 0.129882
0.881383 0.123561
0.876185 0.108037
0.910278 0.091075
0.881333 0.113719
0.848538 0.163742
0.904192 0.114023
0.847219 0.096847
0.844337 0.126430
0.896124 0.130737
0.936927 0.120613
0.942807 0.103784
0.827383 0.060092
0.886474 0.032593
0.874604 0.142351
0.922040 0.104275
0.910853 0.208298
0.883151 0.115018
0.850772 0.135599
0.839536 0.118866
0.873900 0.114667
0.874895 0.107612
0.860600 0.072621
0.866088 0.083486
0.848840 0.071958
0.890408 0.116144
0.889499 0.111088
0.909201 0.144106
0.873291 0.110860
0.880082 0.161266
0.894890 0.209578
0.888135 0.084466
0.864369 0.149974
0.905070 0.180995
0.901515 0.058630
0.848977 0.143799
0.877535 0.117308
0.929070 0.110002
0.860414 0.146726
0.819797 0.105931
0.883729 0.148520
0.884943 0.116232
0.963082 0.216903
0.855277 0.126821
0.877701 0.121128
0.911071 0.078556
0.918285 0.090013
0.899201 0.112321
0.877226 0.068178
0.906087 0.117923
0.911165 0.116905
0.915462 0.133439
0.888520 0.128257
0.822006 0.085601
0.882835 0.068427
0.901058 0.139439
0.961556 0.173185
0.900675 0.120558
0.887107 0.119484
0.880745 0.115223
0.900613 0.136880
0.828421 0.122130
0.853297 0.129059
0.887754 0.117101
0.917184 0.076752
0.882243 0.115776
0.905059 0.115694
0.881736 0.118542
0.845499 0.145639
0.882138 0.115971
0.841836 0.037215
0.865866 0.104980
0.948358 0.120578
0.889845 0.094021
0.905351 0.112190
0.904095 0.145838
0.958783 0.129443
0.867392 0.178773
0.865994 0.136338
0.867390 0.112054
0.890912 0.100205
0.899057 0.085234
0.887382 0.091029
0.960024 0.130756
0.891949 0.067682
0.867095 0.120918
0.881993 0.121621
0.918056 0.112214
0.880832 0.080710
0.885908 0.118369
0.916800 0.120317
0.879193 0.040017
0.853229 0.109862
0.879191 0.086505
0.875227 0.108403
0.896555 0.093024
0.911058 0.173302
0.882326 0.115601
0.813799 0.058561
0.891898 0.115219
0.893284 0.167586
0.850044 0.127260
0.864226 0.101165
0.873642 0.090113
0.877689 0.120634
0.904038 0.101142
0.880112 0.069867
0.888339 0.102283
0.870298 0.151579
0.897212 0.119809
0.877918 0.119821
0.876715 0.131752
0.875181 0.122093
0.914188 0.059203
0.910716 0.109575
0.869967 0.107278
0.898748 0.123950
0.876711 0.176154
0.847914 0.075396
0.861477 0.143256
0.935256 0.146375
0.866997 0.126296
0.907359 0.058425
0.880243 0.076758
0.922718 0.112377
0.887532 0.189099
0.885517 0.116774
0.882006 0.081072
0.891040 0.096465
0.859110 0.076523
0.868089 0.106040
0.883208 0.083557
0.871992 0.081018
0.879645 0.072406
0.926925 0.136439
0.883827 0.103769
0.879356 0.100108
0.855209 0.109145
0.916443 0.196719
0.896739 0.100576
0.833500 0.049388
0.886381 0.107452
0.878089 0.136510
0.945319 0.130524
0.911686 0.149666
0.904289 0.116747
0.871928 0.113631
0.876937 0.118431
0.887506 0.154818
0.892769 0.064867
0.836663 0.090559
0.879486 0.144183
0.819312 0.120568
0.883404 0.090859
0.835069 0.096928
0.878435 0.120063
0.900269 0.121483
0.857859 0.106629
0.880538 0.129783
0.872644 0.108488
0.882174 0.120209
0.922245 0.100962
0.842819 0.149850
0.897083 0.118257
0.914191 0.109910
0.840511 0.149247
0.934625 0.111458
0.919132 0.109467
0.843546 0.122950
0.929597 0.138394
0.859719 0.168082
0.897273 0.133351
0.881652 0.113427
0.896255 0.179859
0.879865 0.065194
0.818757 0.123660
0.864363 0.097390
0.874701 0.182986
0.888949 0.100661
0.868588 0.117895
0.340572 0.563539
0.314324 0.582882
0.409522 0.621787
0.360885 0.547885
0.349703 0.550835
0.286152 0.552407
0.412745 0.556090
0.320000 0.569356
0.283121 0.539725
0.371954 0.580822
0.339801 0.556178
0.415110 0.612634
0.279939 0.557400
0.347475 0.587402
0.342027 0.564272
0.315774 0.549093
0.335370 0.533026
0.329705 0.562872
0.368276 0.577906
0.380911 0.587889
0.339816 0.559240
0.338076 0.560813
0.338216 0.556992
0.437544 0.611767
0.339904 0.543028
0.333843 0.572973
0.293955 0.566867
0.353990 0.588762
0.333484 0.556390
0.327564 0.523648
0.367356 0.566085
0.343283 0.558107
0.323975 0.576316
0.330157 0.574072
0.380859 0.574639
0.338897 0.560812
0.332723 0.594219
0.368546 0.546228
0.346035 0.555079
0.368425 0.576504
0.359784 0.539263
0.396697 0.574706
0.302048 0.537278
0.354674 0.573926
0.336654 0.585456
0.326821 0.552940
0.334050 0.574226
0.294311 0.549527
0.326465 0.541252
0.418270 0.558198
0.325022 0.546577
0.337513 0.551668
0.333362 0.523811
0.340415 0.562759
0.359455 0.547830
0.316553 0.576854
0.369292 0.573236
0.330991 0.564644
0.320220 0.554485
0.296931 0.566454
0.339445 0.527879
0.339829 0.536020
0.264126 0.497755
0.332364 0.563470
0.345188 0.560931
0.352807 0.599881
0.333397 0.528844
0.310525 0.548124
0.333661 0.551716
0.334877 0.556481
0.301239 0.564498
0.353789 0.576093
0.324040 0.549230
0.291339 0.557179
0.373338 0.540024
0.375813 0.548289
0.410995 0.572638
0.336968 0.559314
0.358744 0.567327
0.301791 0.559881
0.335503 0.560444
0.329356 0.564301
0.339000 0.530180
0.358172 0.543672
0.334301 0.559411
0.325137 0.556861
0.346102 0.554778
0.232363 0.543604
0.330469 0.544478
0.353125 0.560775
0.341614 0.553563
0.355488 0.545089
0.416791 0.591054
0.272994 0.528173
0.320952 0.539481
0.377644 0.546597
0.284713 0.555450
0.344899 0.564559
0.280428 0.560584
0.323322 0.561919
0.357080 0.542210
0.408214 0.572413
0.336470 0.555772
0.290576 0.512172
0.342981 0.577524
0.338626 0.554600
0.322911 0.586851
0.327450 0.532791
0.358663 0.593695
0.395598 0.589606
0.295961 0.562314
0.343419 0.570431
0.338629 0.556727
0.362519 0.545175
0.338706 0.561588
0.350575 0.527098
0.372741 0.547979
0.370211 0.546896
0.331127 0.520351
0.344333 0.568246
0.276266 0.512055
0.327796 0.558638
0.459202 0.594084
0.333116 0.534024
0.319274 0.558347
0.315043 0.546107
0.340592 0.556805
0.350403 0.526793
0.256553 0.516291
0.415207 0.604828
0.315567 0.557132
0.294217 0.568678
0.318530 0.514896
0.360823 0.562513
0.344921 0.573505
0.322952 0.575631
0.375826 0.551687
0.320629 0.567645
0.341663 0.571211
0.389058 0.604046
0.338337 0.535815
0.341511 0.551905
0.373395 0.564927
0.331331 0.563132
0.341247 0.559407
0.333839 0.549453
0.329733 0.565546
0.338722 0.566990
0.285795 0.559250
0.344079 0.580743
0.218605 0.520093
0.366974 0.539872
0.319485 0.509438
0.283569 0.520189
0.320217 0.563746
0.391641 0.563705
0.416043 0.576518
0.330750 0.544525
0.324931 0.567884
0.348509 0.563408
0.344336 0.521559
0.423850 0.572199
0.319997 0.564218
0.389062 0.568776
0.342064 0.554989
0.368164 0.555973
0.320366 0.530144
0.406711 0.611487
0.364572 0.546568
0.387518 0.578225
0.302214 0.562683
0.336426 0.530432
0.327097 0.565598
0.300848 0.522476
0.311866 0.513947
0.337595 0.551208
0.361240 0.546067
0.339870 0.555241
0.338386 0.558149
0.351999 0.559551
0.417074 0.589839
0.279837 0.523693
0.336575 0.550535
0.367941 0.591056
0.343498 0.564939
0.330937 0.558883
0.355258 0.568221
0.272650 0.553066
0.278343 0.553542
0.330672 0.561299
0.320635 0.568382
0.286878 0.566318
0.278250 0.507895
0.376663 0.556788
0.340039 0.561654
0.338332 0.557186
0.359273 0.552768
0.338216 0.557863
0.337931 0.560141
0.342915 0.578235
0.261093 0.532020
0.301716 0.570856
0.348292 0.557161
0.346358 0.553862
0.352978 0.588555
0.317207 0.519429
0.371006 0.554655
0.308036 0.524299
0.344415 0.592402
0.365264 0.607000
0.327721 0.543981
0.330036 0.545697
0.310708 0.510560
0.314202 0.567652
0.381644 0.561271
0.329121 0.575026
0.352795 0.540961
0.358601 0.540339
0.339080 0.583852
0.329577 0.562288
0.341491 0.555701
0.341879 0.563563
0.326775 0.534977
0.335589 0.542252
0.299882 0.525421
0.331967 0.560077
0.330018 0.555151
0.403926 0.584036
0.337618 0.555798
0.336173 0.559435
0.343781 0.553250
0.331468 0.591264
0.359350 0.549392
0.420379 0.579829
0.345317 0.574677
0.314781 0.528777
0.340866 0.558602
0.340243 0.596922
0.325641 0.525557
0.357737 0.537892
0.304063 0.544543
0.347876 0.559412
0.300120 0.566268
0.353023 0.550711
0.275097 0.510979
0.334560 0.545969
0.338512 0.557029
0.322887 0.572712
0.327070 0.526134
0.320649 0.517580
0.345669 0.574949
0.387697 0.596193
0.362273 0.543896
0.332283 0.525066
0.264608 0.497690
0.350510 0.560588
0.376049 0.538258
0.350751 0.553175
0.335086 0.561444
0.351298 0.526879
0.285705 0.510591
0.323401 0.512761
0.366206 0.565988
0.352377 0.569602
0.271399 0.552857
0.349148 0.578933
0.306895 0.513560
0.314694 0.565076
0.341923 0.555510
0.341371 0.530282
0.317358 0.559161
0.347820 0.583325
0.290740 0.536460
0.334511 0.567148
0.324047 0.558070
0.329376 0.538892
0.335947 0.556769
0.299876 0.537630
0.319898 0.564042
0.281618 0.510102
0.334558 0.558840
0.331631 0.549312
0.340914 0.537343
0.339454 0.554899
0.338385 0.557159
0.323864 0.559729
0.354254 0.546984
0.387795 0.549308
0.289562 0.510257
0.285889 0.565783
0.308995 0.552802
0.336624 0.556836
0.336835 0.551014
0.400235 0.587313
0.323320 0.561041
0.332807 0.551057
0.297767 0.559613
0.344546 0.520175
0.324839 0.552223
0.369175 0.549335
0.344668 0.547560
0.294419 0.538368
0.356738 0.572483
0.330644 0.514424
0.289876 0.551493
0.304114 0.513751
0.341923 0.581910
0.278729 0.553585
0.325242 0.541712
0.334742 0.580879
0.352111 0.567653
0.321118 0.521606
0.409405 0.596941
0.293943 0.519288
0.213772 0.529940
0.337802 0.553670
0.345859 0.574045
0.324852 0.553884
0.345274 0.572691
0.329072 0.558116
0.354631 0.565235
0.413729 0.569686
0.366434 0.537534
0.408598 0.551080
0.370325 0.595118
0.344184 0.570227
0.172784 0.321369
0.160942 0.322964
0.176943 0.303270
0.167077 0.262624
0.242909 0.361329
0.163697 0.334682
0.207414 0.259738
0.160121 0.318034
0.132327 0.320014
0.154815 0.332591
0.157739 0.344492
0.154252 0.318414
0.148470 0.327934
0.165527 0.315253
0.226771 0.258742
0.179589 0.343200
0.157877 0.325418
0.159679 0.277582
0.183566 0.325028
0.140343 0.320248
0.126804 0.285901
0.193414 0.295257
0.121917 0.325429
0.148410 0.359552
0.178596 0.296769
0.173440 0.312126
0.145575 0.413021
0.172926 0.418316
0.190075 0.349787
0.189660 0.298597
0.150204 0.325872
0.202376 0.335692
0.129663 0.304543
0.160228 0.350600
0.155622 0.339173
0.143978 0.320532
0.176778 0.340153
0.116225 0.336753
0.216948 0.354330
0.155087 0.320484
0.216231 0.295852
0.109243 0.417294
0.155765 0.324176
0.169445 0.316595
0.136835 0.335703
0.167357 0.305482
0.149012 0.358262
0.168805 0.346920
0.159393 0.346745
0.153398 0.322465
0.159355 0.345248
0.133775 0.339803
0.171663 0.333817
0.153994 0.325389
0.156178 0.315903
0.141539 0.246671
0.144006 0.331066
0.149663 0.322588
0.203192 0.375878
0.194688 0.338704
0.125390 0.329933
0.163705 0.333685
0.169591 0.388463
0.166297 0.326984
0.162447 0.321766
0.170543 0.304315
0.176338 0.335832
0.133991 0.288961
0.141301 0.293848
0.152163 0.305119
0.177344 0.337726
0.147918 0.280756
0.159842 0.288227
0.150942 0.288893
0.185927 0.330248
0.113433 0.326326
0.205101 0.260784
0.128198 0.325008
0.162453 0.327847
0.159556 0.318003
0.177230 0.307675
0.133993 0.258449
0.158641 0.323569
0.158863 0.391679
0.141199 0.388028
0.144575 0.265318
0.103756 0.370550
0.153002 0.318571
0.147359 0.282334
0.128729 0.326139
0.152806 0.319659
0.149168 0.328803
0.229097 0.270882
0.128478 0.308072
0.093828 0.350129
0.183231 0.366669
0.120908 0.280325
0.208439 0.420503
0.145534 0.313468
0.191085 0.288389
0.148242 0.305034
0.157104 0.315656
0.172590 0.341861
0.120962 0.336435
0.158996 0.341311
0.156485 0.378852
0.167594 0.327919
0.117659 0.339355
0.189321 0.319488
0.188830 0.330953
0.161535 0.317258
0.175908 0.317151
0.193369 0.311245
0.146011 0.321192
0.172182 0.405835
0.116577 0.315424
0.162775 0.330704
0.172658 0.281978
0.159799 0.314101
0.172227 0.293801
0.176052 0.311955
0.087448 0.351809
0.155019 0.340731
0.153951 0.323918
0.147843 0.315025
0.157559 0.351844
0.168408 0.351002
0.169805 0.316395
0.151543 0.339335
0.163539 0.338153
0.120734 0.323477
0.181293 0.332885
0.176908 0.346366
0.113891 0.357431
0.158484 0.330738
0.127676 0.321599
0.129522 0.297056
0.191501 0.277386
0.164033 0.339734
0.159415 0.322689
0.154781 0.312734
0.176757 0.326166
0.205056 0.312208
0.143712 0.333402
0.161104 0.418002
0.165320 0.341362
0.178346 0.358790
0.160531 0.263680
0.142130 0.336448
0.190219 0.238195
0.155024 0.323594
0.148170 0.271024
0.188542 0.356002
0.150128 0.322320
0.176461 0.303313
0.131509 0.248580
0.130625 0.302614
0.145568 0.406140
0.164569 0.338404
0.137011 0.312943
0.177780 0.354560
0.165511 0.358200
0.175388 0.339030
0.147238 0.330236
0.164350 0.320484
0.159264 0.317518
0.094739 0.299010
0.178342 0.330192
0.142305 0.329062
0.180876 0.302795
0.088257 0.360568
0.130856 0.319738
0.179543 0.344184
0.164522 0.392028
0.132036 0.319532
0.134788 0.267838
0.161353 0.317649
0.079127 0.293341
0.142845 0.281632
0.166280 0.319211
0.160045 0.327835
0.065611 0.335958
0.141991 0.356961
0.174220 0.331492
0.090869 0.337348
0.147260 0.338031
0.167436 0.292229
0.190058 0.295062
0.209252 0.266982
0.155840 0.325735
0.179667 0.306592
0.189867 0.274215
0.124468 0.362935
0.132119 0.301168
0.130154 0.317942
0.168221 0.290466
0.158209 0.329252
0.164333 0.372057
0.117788 0.329800
0.166219 0.325607
0.129938 0.302361
0.154589 0.354780
0.201957 0.306851
0.116353 0.293703
0.132542 0.353200
0.198332 0.316598
0.141966 0.327479
0.180088 0.332175
0.148131 0.326085
0.171558 0.299521
0.151935 0.309110
0.146326 0.308563
0.142585 0.328459
0.154728 0.339006
0.172382 0.306840
0.166802 0.330033
0.173738 0.351325
0.181787 0.315831
0.174856 0.336356
0.199518 0.330367
0.189635 0.299666
0.137386 0.315695
0.175098 0.370921
0.164102 0.291370
0.092652 0.298883
0.059671 0.336785
0.148036 0.311941
0.127655 0.315241
0.157426 0.320254
0.138172 0.347848
0.145797 0.325370
0.097271 0.334400
0.139398 0.305684
0.160790 0.350522
0.164878 0.324404
0.151537 0.371245
0.157339 0.314394
0.159499 0.295816
0.110705 0.314611
0.138017 0.254014
0.157352 0.322108
0.115822 0.276033
0.158572 0.340813
0.189552 0.293918
0.173837 0.294320
0.213386 0.387368
0.148216 0.349187
0.160280 0.329312
0.154777 0.289768
0.122811 0.331706
0.156178 0.308386
0.147450 0.283788
0.150314 0.350455
0.147411 0.356546
0.170529 0.292104
0.112385 0.272927
0.184901 0.314630
0.147578 0.284090
0.150249 0.318057
0.158458 0.322381
0.156900 0.327253
0.112584 0.291125
0.210007 0.266837
0.161499 0.411234
0.203292 0.248656
0.145785 0.321563
0.179462 0.315422
0.127684 0.298796
0.104063 0.368416
0.151877 0.289813
0.163614 0.321207
0.083533 0.331186
0.185881 0.349198
0.153922 0.256562
0.164072 0.348990
0.137199 0.327914
0.155488 0.328180
0.168429 0.347057
0.158687 0.323481
0.109489 0.308015
0.133155 0.370104
0.176288 0.339234
0.170556 0.344879
0.171308 0.321792
0.157570 0.280454
0.189378 0.309124
0.149755 0.322476
0.129523 0.302063
0.135945 0.301101
0.168163 0.304149
0.168132 0.320654
0.186087 0.289932
0.108824 0.333131
0.156557 0.305916
0.101397 0.276690
0.176014 0.384240
0.167732 0.327449
0.098961 0.289738
0.112343 0.336043
0.162408 0.326806
0.111333 0.444609
0.158403 0.323833
0.175581 0.318638
0.144133 0.229656
0.146867 0.287965
0.160747 0.336980
0.201374 0.299401
0.148952 0.338979
0.181390 0.309948
0.159385 0.390030
0.169436 0.337262
0.162217 0.366519
0.154385 0.407615
0.148995 0.273959
0.144202 0.344978
0.111113 0.298127
0.169290 0.293637
0.154692 0.276627
0.144009 0.349306
0.155994 0.290725
0.150666 0.297294
0.158123 0.327078
0.198154 0.331118
0.152058 0.325179
0.165913 0.328586
0.169457 0.335485
0.206043 0.328116
0.153071 0.320766
0.158934 0.321686
0.218148 0.290629
0.207120 0.334607
0.147984 0.317904
0.212229 0.304303
0.159260 0.315059
0.689175 0.329559
0.630333 0.378751
0.634279 0.371378
0.646855 0.340306
0.659404 0.406461
0.625928 0.366780
0.646984 0.377582
0.622085 0.357608
0.639746 0.370234
0.624201 0.383129
0.700158 0.378295
0.625057 0.350730
0.640752 0.378593
0.617097 0.347504
0.589263 0.387226
0.577086 0.369753
0.708917 0.357057
0.632836 0.304179
0.672092 0.343822
0.623708 0.382758
0.637294 0.376129
0.614977 0.370077
0.602519 0.406419
0.630587 0.372889
0.641633 0.370812
0.653902 0.362524
0.573222 0.380512
0.634656 0.380525
0.714806 0.366918
0.573282 0.383669
0.675102 0.397304
0.643322 0.382612
0.610732 0.370114
0.634378 0.356861
0.614385 0.425644
0.617556 0.419416
0.633980 0.351201
0.606312 0.367887
0.634169 0.365083
0.633290 0.372971
0.648061 0.353590
0.572047 0.369195
0.655436 0.394609
0.569935 0.389376
0.591900 0.362197
0.668940 0.414968
0.610570 0.301737
0.737285 0.416203
0.619596 0.390666
0.575854 0.361072
0.558669 0.404715
0.643980 0.373830
0.683552 0.397100
0.733535 0.449597
0.641614 0.377636
0.650356 0.368221
0.687191 0.397969
0.624630 0.354933
0.627865 0.372383
0.677607 0.418713
0.631766 0.381786
0.645670 0.386815
0.650191 0.339349
0.589398 0.320174
0.643179 0.424910
0.635864 0.400832
0.594119 0.410355
0.707438 0.340479
0.601207 0.375544
0.640487 0.379289
0.625596 0.338920
0.549164 0.354114
0.621447 0.372854
0.652932 0.434326
0.610940 0.394271
0.629649 0.400121
0.634326 0.376839
0.651161 0.342463
0.607977 0.429556
0.649387 0.311919
0.636654 0.374173
0.637390 0.377877
0.639124 0.389598
0.635390 0.349244
0.647430 0.407979
0.625031 0.352104
0.701412 0.352902
0.607140 0.421772
0.562830 0.425452
0.637390 0.375861
0.564050 0.381385
0.634044 0.395161
0.599823 0.318870
0.639837 0.441177
0.668869 0.388385
0.630372 0.360694
0.591384 0.371220
0.615562 0.389974
0.598909 0.377734
0.717193 0.294030
0.574826 0.331341
0.713039 0.377076
0.627143 0.433397
0.615932 0.393738
0.644269 0.349393
0.654331 0.336563
0.584375 0.372356
0.644151 0.381202
0.641398 0.377865
0.534429 0.384404
0.628499 0.336891
0.630178 0.374801
0.590854 0.377097
0.671796 0.386527
0.619200 0.348775
0.626453 0.428145
0.647362 0.384931
0.667215 0.403931
0.576295 0.360777
0.657019 0.392159
0.634666 0.376216
0.594499 0.356541
0.627166 0.375372
0.661035 0.351858
0.638768 0.376331
0.678776 0.384320
0.590585 0.447450
0.614354 0.406759
0.640757 0.401523
0.685828 0.432946
0.625282 0.363681
0.628101 0.387707
0.634463 0.365065
0.605050 0.399747
0.672412 0.375898
0.621195 0.348980
0.640369 0.388293
0.508883 0.377653
0.636338 0.381133
0.636291 0.376804
0.593391 0.401232
0.545307 0.330551
0.632724 0.408225
0.711547 0.461084
0.693841 0.369319
0.676440 0.364994
0.562680 0.349260
0.696329 0.390833
0.644030 0.395858
0.635393 0.384368
0.656976 0.378799
0.592579 0.374428
0.639753 0.337104
0.653305 0.401718
0.686009 0.412446
0.711048 0.450792
0.609018 0.428461
0.631832 0.360965
0.641921 0.398584
0.588180 0.416458
0.661326 0.382789
0.652306 0.403360
0.597118 0.410031
0.634205 0.346558
0.639151 0.373773
0.670823 0.453459
0.629541 0.377978
0.629982 0.388014
0.576301 0.420161
0.544919 0.343433
0.635036 0.379369
0.625729 0.431701
0.632095 0.394515
0.641273 0.345290
0.637238 0.379549
0.708833 0.422054
0.588134 0.433020
0.559841 0.383047
0.636315 0.337716
0.603532 0.429690
0.608300 0.372549
0.632077 0.361796
0.628415 0.404279
0.702786 0.346990
0.637908 0.376069
0.681783 0.363070
0.567980 0.322687
0.646226 0.293571
0.636645 0.378750
0.679850 0.371989
0.635332 0.323237
0.579540 0.374424
0.634586 0.376106
0.620644 0.371965
0.586533 0.383614
0.678640 0.362537
0.649840 0.344353
0.651787 0.384177
0.637687 0.374303
0.631918 0.376786
0.641596 0.307538
0.609112 0.288992
0.634194 0.351819
0.586349 0.324413
0.636232 0.379394
0.638761 0.368817
0.639269 0.348671
0.647871 0.312007
0.673284 0.387176
0.655714 0.401453
0.646597 0.370962
0.600109 0.310264
0.635287 0.376772
0.669049 0.382619
0.657171 0.473565
0.674403 0.392277
0.618289 0.415575
0.648403 0.366720
0.634309 0.376478
0.638671 0.368897
0.649103 0.434532
0.635347 0.383976
0.617286 0.438004
0.619998 0.337822
0.636431 0.376045
0.679606 0.395196
0.722316 0.308697
0.624495 0.397458
0.680735 0.384070
0.638036 0.363851
0.643802 0.324667
0.631396 0.343765
0.636330 0.381533
0.602493 0.380561
0.671376 0.293780
0.634868 0.374478
0.654879 0.406048
0.545638 0.307318
0.640633 0.365264
0.650787 0.363841
0.716658 0.433263
0.644303 0.344240
0.497147 0.401752
0.628067 0.392363
0.638357 0.344668
0.595898 0.339102
0.625095 0.339277
0.681808 0.401583
0.632438 0.385337
0.634330 0.342587
0.573770 0.367938
0.706866 0.390146
0.640683 0.379541
0.625460 0.419622
0.641649 0.383313
0.688922 0.366989
0.580894 0.420278
0.676790 0.341317
0.607271 0.355599
0.604084 0.420170
0.623947 0.431035
0.624940 0.399429
0.682501 0.402153
0.622064 0.409972
0.631986 0.289857
0.604064 0.342873
0.634973 0.333190
0.592218 0.416673
0.622772 0.442745
0.638053 0.368158
0.762491 0.348887
0.652601 0.429590
0.585763 0.433033
0.621808 0.431058
0.657740 0.348311
0.705574 0.358315
0.678154 0.378322
0.635083 0.363045
0.635839 0.377395
0.619407 0.382671
0.600160 0.396573
0.657745 0.421268
0.609561 0.378639
0.636482 0.380011
0.585634 0.352462
0.678751 0.351068
0.619297 0.432983
0.626636 0.373472
0.605727 0.399453
0.648613 0.384416
0.607027 0.386488
0.638695 0.376963
0.576730 0.344050
0.609314 0.427387
0.632851 0.348557
0.645190 0.374583
0.624509 0.430887
0.633576 0.377163
0.669010 0.297244
0.633777 0.377950
0.669794 0.444688
0.660558 0.320153
0.617264 0.391779
0.620803 0.370981
0.745205 0.356485
0.636418 0.376805
0.585074 0.322158
0.678638 0.444215
0.647630 0.380048
0.709734 0.361522
0.613744 0.421735
0.653218 0.331837
0.622072 0.392881
0.675933 0.387210
0.636959 0.386666
0.647725 0.349788
0.615818 0.355344
0.604309 0.364940
0.648175 0.356550
0.635634 0.354373
0.657857 0.366888
0.689484 0.396649
0.702433 0.419097
0.668849 0.348316
0.646592 0.398929
0.678312 0.368640
0.621550 0.409720
0.647538 0.395650
0.638927 0.340977
0.627191 0.399204
0.617508 0.366905
0.632421 0.411252
0.644688 0.382245
0.662477 0.342739
0.631602 0.382022
0.622695 0.401173
0.688500 0.334188
0.646290 0.417177
0.187479 0.909994
0.335558 0.865242
0.268076 0.855208
0.203085 0.842056
0.219291 0.855258
0.212130 0.879562
0.235907 0.862444
0.205625 0.894478
0.239152 0.864036
0.242180 0.899771
0.279945 0.824184
0.217427 0.878856
0.295483 0.837052
0.239496 0.878940
0.215333 0.841408
0.245284 0.835677
0.243467 0.816424
0.223705 0.895718
0.227420 0.897006
0.283335 0.881905
0.217546 0.886964
0.239024 0.867873
0.258770 0.870539
0.244517 0.841960
0.224418 0.883162
0.305451 0.858030
0.272578 0.896554
0.223501 0.860577
0.269855 0.812818
0.242119 0.848042
0.201766 0.868720
0.298149 0.882532
0.215358 0.782748
0.233167 0.906812
0.288421 0.863744
0.213654 0.849999
0.185140 0.939036
0.221940 0.874172
0.259832 0.823740
0.218743 0.861437
0.233927 0.862093
0.272541 0.839670
0.196387 0.825210
0.274373 0.845960
0.240111 0.864547
0.245402 0.897092
0.281731 0.867243
0.255922 0.911852
0.239984 0.887425
0.213527 0.890989
0.289813 0.919605
0.256933 0.920315
0.265241 0.868326
0.237875 0.861358
0.243638 0.893488
0.230635 0.876101
0.252238 0.868242
0.248237 0.852028
0.231654 0.847693
0.218822 0.890150
0.224968 0.813717
0.294079 0.924346
0.227964 0.838747
0.235256 0.880494
0.212319 0.860683
0.229341 0.875828
0.198895 0.899409
0.251682 0.836581
0.196114 0.883004
0.324206 0.886560
0.232996 0.830403
0.178385 0.891765
0.254892 0.882348
0.180357 0.885506
0.239750 0.862674
0.179007 0.891142
0.303657 0.873930
0.236285 0.870645
0.220040 0.840824
0.223046 0.899993
0.278242 0.841774
0.234930 0.863476
0.218668 0.894882
0.280477 0.928695
0.253833 0.854939
0.235785 0.858632
0.239638 0.876477
0.220279 0.854113
0.252719 0.963237
0.231239 0.857285
0.263199 0.866420
0.199250 0.783974
0.192898 0.902404
0.260361 0.836789
0.268895 0.871699
0.286987 0.834540
0.251192 0.889242
0.267016 0.881809
0.246385 0.908458
0.243514 0.875267
0.263719 0.899426
0.292469 0.881729
0.251010 0.834858
0.240560 0.861006
0.312946 0.867781
0.296295 0.786206
0.183682 0.909650
0.220763 0.924133
0.244310 0.879040
0.244155 0.863227
0.210732 0.870200
0.247051 0.821362
0.279352 0.869628
0.221056 0.861447
0.262330 0.842583
0.235158 0.862604
0.291066 0.899377
0.247851 0.760976
0.235192 0.863286
0.291356 0.822569
0.252645 0.864802
0.242406 0.908205
0.209115 0.746434
0.238726 0.847909
0.273024 0.880449
0.276068 0.820800
0.228428 0.840128
0.232125 0.861001
0.240542 0.904642
0.255547 0.844720
0.270369 0.863622
0.239269 0.931750
0.297188 0.886403
0.256110 0.818838
0.240834 0.900880
0.234019 0.862538
0.213121 0.835081
0.264395 0.829309
0.227556 0.863548
0.178947 0.868458
0.233874 0.862102
0.152774 0.878898
0.181954 0.817205
0.217613 0.960193
0.256081 0.863213
0.221709 0.866614
0.173697 0.870566
0.192381 0.840081
0.104823 0.876466
0.260014 0.779217
0.311824 0.879636
0.225462 0.862413
0.231311 0.851393
0.215310 0.821188
0.237228 0.862191
0.188434 0.890806
0.222926 0.862077
0.238211 0.788786
0.216797 0.871869
0.307355 0.856452
0.266814 0.833482
0.236077 0.884190
0.228743 0.848675
0.225579 0.826064
0.246641 0.844794
0.262403 0.977701
0.239719 0.837909
0.234900 0.862574
0.240254 0.858220
0.259352 0.840799
0.262327 0.909972
0.270508 0.904681
0.238214 0.865494
0.250753 0.942188
0.253240 0.852850
0.235483 0.862445
0.278913 0.864521
0.220989 0.915509
0.219839 0.911407
0.259457 0.828503
0.127124 0.938505
0.222155 0.860869
0.229737 0.880981
0.256852 0.883396
0.191240 0.841764
0.308620 0.859751
0.237990 0.833580
0.228408 0.935279
0.251219 0.854658
0.229972 0.881271
0.251619 0.902097
0.253358 0.875513
0.226563 0.879658
0.252246 0.867644
0.264850 0.827204
0.215058 0.913751
0.214964 0.858734
0.229666 0.908674
0.164031 0.884673
0.148440 0.856684
0.231304 0.854970
0.235332 0.856375
0.250762 0.849085
0.240557 0.855720
0.197517 0.862577
0.261407 0.828740
0.238199 0.866070
0.238892 0.827579
0.211737 0.921789
0.246287 0.883963
0.231896 0.804234
0.201068 0.854187
0.236366 0.864136
0.352449 0.912703
0.275013 0.860051
0.237966 0.868835
0.242789 0.861249
0.217432 0.877860
0.202142 0.841317
0.213402 0.941240
0.234590 0.859567
0.251835 0.816026
0.230241 0.829402
0.331596 0.935362
0.285654 0.865419
0.231658 0.863036
0.229904 0.862276
0.297136 0.845481
0.235425 0.865374
0.223191 0.877751
0.250904 0.927129
0.252941 0.901513
0.225552 0.893588
0.173809 0.800679
0.259478 0.913191
0.205254 0.851249
0.217015 0.957287
0.256642 0.890119
0.294388 0.859401
0.235655 0.830786
0.306524 0.826306
0.213451 0.897621
0.286466 0.886783
0.227250 0.856049
0.217446 0.867238
0.234377 0.874687
0.222618 0.874489
0.241773 0.831542
0.233041 0.866323
0.252573 0.901951
0.239564 0.864702
0.216965 0.845852
0.220511 0.876152
0.238594 0.863711
0.205856 0.859729
0.237419 0.847752
0.238786 0.859653
0.208282 0.867194
0.291532 0.849484
0.243172 0.863211
0.262858 0.917388
0.221714 0.855177
0.264986 0.867178
0.242477 0.862662
0.230494 0.902487
0.216425 0.843225
0.223236 0.908471
0.260545 0.879057
0.171919 0.813764
0.241345 0.878491
0.256654 0.785349
0.257436 0.913817
0.244725 0.866057
0.214606 0.857572
0.231917 0.781774
0.200725 0.879749
0.232327 0.878289
0.234759 0.841834
0.266323 0.866338
0.232091 0.850634
0.310886 0.872855
0.283222 0.865323
0.256827 0.835412
0.248435 0.822669
0.236255 0.862531
0.121322 0.860677
0.152976 0.851002
0.244687 0.868094
0.292450 0.860311
0.211340 0.866871
0.197036 0.791361
0.248445 0.882657
0.238963 0.859042
0.200250 0.869360
0.213658 0.855510
0.266695 0.881101
0.208794 0.861027
0.249810 0.842551
0.245442 0.898923
0.259766 0.878736
0.221603 0.854248
0.221504 0.854616
0.189730 0.880034
0.208192 0.853495
0.248988 0.866614
0.157307 0.821946
0.289093 0.930118
0.237886 0.885453
0.255899 0.799084
0.239785 0.830134
0.316139 0.855781
0.270317 0.884701
0.223130 0.885585
0.228474 0.834837
0.162246 0.866213
0.214274 0.895941
0.230232 0.872137
0.296105 0.840721
0.260489 0.911462
0.211930 0.870792
0.241636 0.864746
0.285358 0.944677
0.222313 0.828983
0.278933 0.900467
0.305127 0.853611
0.231845 0.904020
0.211454 0.841693
0.211743 0.866947
0.233722 0.867989
0.203981 0.884418
0.240970 0.871391
0.239124 0.826591
0.242030 0.808478
0.248186 0.838186
0.235258 0.869658
0.202021 0.880140
0.196459 0.873115
0.218372 0.872038
0.239273 0.814194
0.251879 0.864180
0.177769 0.831524
0.291302 0.134472
0.328615 0.016240
0.324910 0.123260
0.247628 0.112191
0.318435 0.129684
0.233918 0.073168
0.280166 0.138298
0.378699 0.118066
0.338474 0.141862
0.301925 0.144117
0.312790 0.104026
0.266489 0.135114
0.288067 0.054534
0.288006 0.064184
0.320223 0.122582
0.194023 0.139463
0.305778 0.043820
0.309153 0.128978
0.320491 0.123663
0.291893 0.079557
0.292641 0.043399
0.385525 0.140596
0.338318 0.153468
0.337601 0.135019
0.360848 0.124831
0.314641 0.122532
0.319639 0.129721
0.273878 0.066083
0.369350 0.079208
0.360377 0.121615
0.351474 0.106605
0.331558 0.141992
0.284605 0.107667
0.347205 0.110543
0.226033 0.129101
0.289409 0.052248
0.334029 0.125750
0.364470 0.203916
0.187832 0.151317
0.353988 0.067456
0.375066 0.040613
0.333243 0.108790
0.339552 0.121828
0.320541 0.147864
0.272745 0.098655
0.305917 0.123267
0.309402 0.117825
0.385533 0.041255
0.315232 0.107850
0.312747 0.138859
0.308867 0.102021
0.332558 0.162213
0.298092 0.135622
0.339286 0.108891
0.317767 0.122941
0.320353 0.123463
0.306680 0.125474
0.305940 0.102980
0.361217 0.113250
0.349275 0.156920
0.317846 0.117288
0.331646 0.155567
0.289314 0.144971
0.362367 0.185679
0.311785 0.063177
0.308728 0.112172
0.344593 0.179120
0.359634 0.147055
0.329787 0.177716
0.319032 0.118415
0.263054 0.082700
0.399896 0.034493
0.289092 0.080789
0.322981 0.049177
0.320034 0.125606
0.228212 0.108666
0.369620 0.027857
0.347319 0.108033
0.239830 0.063186
0.404106 0.101386
0.343251 0.110822
0.313818 0.118762
0.347697 0.113727
0.336487 0.132258
0.357895 0.105586
0.331198 0.128280
0.320879 0.124061
0.364329 0.120827
0.317268 0.142462
0.346966 0.138162
0.309924 0.097379
0.331379 0.115920
0.299483 0.132949
0.320259 0.122039
0.314181 0.056170
0.310408 0.102271
0.324828 0.165214
0.361811 0.108606
0.346179 0.105707
0.318830 0.152602
0.317190 0.116335
0.430656 0.122226
0.259620 0.149050
0.348515 0.139626
0.260684 0.109567
0.319369 0.116882
0.382940 0.146640
0.345392 0.149734
0.363216 0.107898
0.297691 0.138806
0.314322 0.133651
0.333241 0.150388
0.337016 0.114712
0.334329 0.093852
0.347788 0.111234
0.323403 0.126407
0.354687 0.155362
0.270122 0.183273
0.335034 0.144379
0.297401 0.117507
0.387167 0.094176
0.318607 0.121226
0.264408 0.174797
0.367588 0.158161
0.357116 0.145794
0.324729 0.122847
0.350960 0.177774
0.313078 0.122058
0.300119 0.090256
0.328002 0.104260
0.347308 0.156961
0.286266 0.102891
0.343039 0.205341
0.266727 0.122162
0.325994 0.112582
0.331670 0.150570
0.308554 0.098404
0.382592 0.168173
0.415842 0.093795
0.348530 0.124286
0.302996 0.134987
0.250802 0.098309
0.393899 0.129724
0.359539 0.066906
0.356287 0.189054
0.364713 0.029201
0.225246 0.137547
0.240860 0.134889
0.326254 0.110642
0.373468 0.109273
0.288593 0.137775
0.323371 0.140857
0.339887 0.087780
0.292401 0.069461
0.233156 0.122688
0.262904 0.074834
0.405004 0.080804
0.255908 0.145508
0.335681 0.129542
0.288656 0.117917
0.305462 0.169822
0.353539 0.102761
0.291703 0.058177
0.374739 0.186708
0.317235 0.119152
0.277793 0.134905
0.305601 0.084196
0.336642 0.180862
0.265783 0.157215
0.438656 0.091058
0.309514 0.090591
0.377361 0.071832
0.313455 0.119244
0.309227 0.125811
0.303039 0.131376
0.331843 0.119701
0.299784 0.146221
0.372502 0.101382
0.312825 0.108645
0.343174 0.131699
0.330508 0.121108
0.296805 0.101765
0.386427 0.140011
0.345889 0.107368
0.330688 0.121286
0.344468 0.177047
0.380539 0.101952
0.321568 0.093993
0.327550 0.118205
0.341043 0.029540
0.316241 0.112865
0.335873 0.105896
0.342029 0.073901
0.294382 0.040610
0.276701 0.124211
0.303642 0.125631
0.281199 0.135632
0.277988 0.185555
0.319947 0.138501
0.344835 0.176616
0.309487 0.127345
0.357350 0.148965
0.302023 0.186131
0.274150 0.146092
0.242069 0.069697
0.304093 0.122963
0.309602 0.046832
0.322584 0.122038
0.320495 0.116588
0.307463 0.125930
0.333406 0.100282
0.339192 0.171833
0.340893 0.130316
0.313654 0.101611
0.332250 0.127246
0.287781 0.127444
0.294970 0.135657
0.276440 0.143036
0.304320 0.154749
0.317710 0.118231
0.355936 0.069269
0.265749 0.201919
0.347935 0.075911
0.452920 0.140271
0.372796 0.104659
0.407094 0.178999
0.253011 0.110885
0.334657 0.177275
0.280168 0.090092
0.354644 0.090038
0.345217 0.124883
0.368579 0.143656
0.365238 0.192607
0.354836 0.120405
0.393479 0.115346
0.333260 0.105866
0.324280 0.118269
0.322752 0.127124
0.270306 0.142827
0.307657 0.107602
0.384010 0.115132
0.321623 0.128979
0.360555 0.088866
0.243899 0.101480
0.320327 0.129213
0.419970 0.070686
0.335316 0.158292
0.267047 0.217697
0.339906 0.110238
0.326816 0.122292
0.346289 0.184717
0.272690 0.100826
0.379154 0.142337
0.403581 0.087648
0.331606 0.132456
0.308403 0.130429
0.326641 0.116673
0.323324 0.125908
0.315653 0.122630
0.265964 0.143491
0.273509 0.109608
0.323878 0.129290
0.304194 0.102619
0.384861 0.064451
0.316767 0.131420
0.319929 0.098415
0.316688 0.130185
0.319479 0.124325
0.328191 0.166673
0.309123 0.183565
0.283715 0.153727
0.279940 0.063291
0.306664 0.161744
0.371138 0.123145
0.266309 0.017624
0.275099 0.142090
0.279288 0.140122
0.306389 0.103093
0.327021 0.127675
0.326061 0.119912
0.378639 0.063285
0.242637 0.103585
0.319862 0.108396
0.310473 0.112400
0.263962 0.141788
0.282375 0.126895
0.275355 0.145019
0.303792 0.016572
0.316713 0.140152
0.290986 0.158726
0.337760 0.198060
0.290865 0.207426
0.344485 0.144292
0.314634 0.130947
0.243010 0.065206
0.312008 0.137095
0.420011 0.064596
0.293307 0.049751
0.314011 0.119403
0.338920 0.118757
0.287507 0.157850
0.304922 0.134444
0.324211 0.127731
0.327548 0.120138
0.333343 0.245444
0.306459 0.090134
0.320837 0.122929
0.304126 0.078592
0.289875 0.080706
0.280797 0.187410
0.334532 0.109037
0.262576 0.116979
0.343924 0.154950
0.293798 0.045946
0.334508 0.100887
0.334778 0.140317
0.362068 0.127041
0.252629 0.155232
0.271148 0.175280
0.331130 0.100954
0.333401 0.000000
0.327921 0.114589
0.318426 0.127477
0.290162 0.154137
0.326683 0.137573
0.331941 0.134377
0.349193 0.107538
0.310357 0.117760
0.323211 0.121314
0.322141 0.046577
0.288858 0.083035
0.253625 0.060520
0.324297 0.091121
0.262631 0.110819
0.310563 0.129939
0.290320 0.135789
0.271330 0.151209
0.238303 0.145994
0.247326 0.141426
0.358860 0.153321
0.385181 0.230672
0.325018 0.114598
0.154194 0.535293
0.127445 0.588407
0.119805 0.550820
0.100281 0.598590
0.087702 0.524051
0.176305 0.547506
0.109972 0.590771
0.082135 0.557801
0.096711 0.531093
0.086739 0.507369
0.120142 0.569194
0.132399 0.568503
0.123866 0.550802
0.163187 0.496053
0.169145 0.527282
0.128862 0.551159
0.144987 0.613282
0.052365 0.631086
0.012745 0.559618
0.132452 0.570062
0.144424 0.555214
0.124842 0.548281
0.051536 0.568986
0.155453 0.511717
0.202378 0.516890
0.136378 0.580034
0.122597 0.545250
0.123945 0.555846
0.123622 0.563727
0.105667 0.619189
0.126712 0.550862
0.068639 0.601924
0.166399 0.569173
0.091401 0.519417
0.128598 0.528509
0.125902 0.548966
0.115521 0.569215
0.080578 0.599862
0.126975 0.550369
0.117401 0.556201
0.135917 0.518349
0.040712 0.605874
0.139968 0.568731
0.136448 0.529588
0.130380 0.537012
0.133122 0.546266
0.129952 0.538272
0.194326 0.516341
0.183342 0.539820
0.169199 0.571846
0.173020 0.579731
0.132051 0.550820
0.123142 0.543140
0.086605 0.614123
0.131014 0.540721
0.098230 0.539951
0.124732 0.621710
0.126642 0.563696
0.112429 0.574671
0.060793 0.501862
0.125503 0.549295
0.193938 0.598193
0.000000 0.564538
0.104342 0.574171
0.192640 0.569212
0.099164 0.562792
0.126542 0.608066
0.167082 0.566332
0.093552 0.598139
0.125636 0.533530
0.212629 0.585582
0.125199 0.560079
0.125555 0.550337
0.077805 0.611401
0.143066 0.571550
0.118550 0.562273
0.124329 0.559506
0.130611 0.549555
0.111632 0.531971
0.126449 0.551393
0.126990 0.563663
0.160953 0.571603
0.145739 0.559866
0.189424 0.545723
0.123385 0.539667
0.127722 0.521916
0.144534 0.491216
0.050983 0.537464
0.120946 0.524288
0.102224 0.543474
0.136581 0.574872
0.169182 0.579652
0.138063 0.539114
0.010535 0.551036
0.101317 0.599712
0.198199 0.569430
0.094273 0.511385
0.101973 0.553500
0.114145 0.541951
0.129351 0.520758
0.129290 0.550496
0.097674 0.522404
0.123918 0.546789
0.124911 0.549889
0.169786 0.470031
0.091000 0.579557
0.112518 0.510113
0.103360 0.559538
0.128309 0.546926
0.126522 0.589545
0.162450 0.565468
0.090251 0.605640
0.147042 0.529394
0.125982 0.525368
0.052785 0.596649
0.079328 0.519600
0.141543 0.556385
0.135614 0.502854
0.215887 0.538341
0.131665 0.527958
0.139329 0.507687
0.094980 0.522277
0.113964 0.516321
0.125149 0.617462
0.126204 0.550862
0.095611 0.558789
0.146718 0.515870
0.255023 0.521325
0.121656 0.550691
0.108071 0.596675
0.179550 0.557690
0.198896 0.585424
0.169825 0.539629
0.140637 0.520389
0.098023 0.521237
0.156105 0.491499
0.173218 0.537448
0.140984 0.563437
0.161637 0.502658
0.080737 0.521647
0.132139 0.530504
0.155779 0.567327
0.090602 0.592513
0.156037 0.555986
0.103229 0.554931
0.129372 0.542014
0.104153 0.527421
0.111999 0.520677
0.128297 0.539612
0.125438 0.551460
0.122542 0.548634
0.130375 0.549565
0.098542 0.506588
0.125061 0.609080
0.105509 0.587207
0.176778 0.474649
0.098994 0.538921
0.166055 0.543130
0.147474 0.584642
0.128569 0.507861
0.132702 0.544440
0.144471 0.570963
0.140905 0.558294
0.154462 0.565000
0.114660 0.607371
0.252781 0.548681
0.137906 0.558534
0.116456 0.553464
0.148003 0.563084
0.139621 0.529847
0.115904 0.584334
0.143926 0.541401
0.162317 0.610648
0.078147 0.503364
0.084633 0.513305
0.136124 0.536012
0.158672 0.572854
0.163475 0.504052
0.123746 0.556531
0.127598 0.531648
0.058044 0.518051
0.134639 0.556606
0.096636 0.556130
0.079859 0.492417
0.123548 0.571266
0.134044 0.571426
0.254043 0.540945
0.093545 0.526352
0.088437 0.597934
0.146954 0.564821
0.197836 0.601282
0.102596 0.498326
0.082362 0.595544
0.184096 0.530173
0.102986 0.543356
0.169829 0.533109
0.130972 0.512436
0.096951 0.530894
0.079712 0.583956
0.126947 0.550533
0.118560 0.527967
0.019471 0.523071
0.099230 0.603719
0.110464 0.497333
0.193095 0.563262
0.198304 0.569662
0.126363 0.519816
0.127162 0.559856
0.096213 0.590958
0.059884 0.520068
0.149074 0.481034
0.150342 0.583260
0.137158 0.550071
0.216081 0.509996
0.147287 0.556213
0.129661 0.531081
0.124546 0.513640
0.150002 0.529812
0.117100 0.576495
0.129671 0.547873
0.070488 0.552408
0.117871 0.550983
0.114772 0.530443
0.108580 0.563011
0.202482 0.585792
0.127386 0.544666
0.135683 0.552949
0.156967 0.556352
0.117631 0.548505
0.154489 0.508631
0.214580 0.569818
0.071542 0.604923
0.142693 0.534399
0.188440 0.527240
0.120218 0.551170
0.143760 0.545249
0.127454 0.554637
0.134897 0.559800
0.134111 0.620971
0.165857 0.522816
0.174678 0.538722
0.127167 0.550634
0.160257 0.539288
0.145034 0.564640
0.134636 0.552198
0.123906 0.523043
0.151031 0.488181
0.114283 0.622565
0.173035 0.525385
0.128845 0.567002
0.167527 0.551090
0.193259 0.505589
0.117198 0.574343
0.155740 0.553009
0.125659 0.553410
0.121949 0.528817
0.114747 0.586478
0.131361 0.604401
0.047918 0.529539
0.078786 0.570887
0.063103 0.547713
0.088478 0.542498
0.189985 0.530105
0.133660 0.555974
0.203530 0.587121
0.126965 0.542018
0.212701 0.588219
0.138591 0.531476
0.130485 0.530129
0.131700 0.592247
0.174689 0.528393
0.037707 0.621937
0.124573 0.549567
0.125914 0.552012
0.064576 0.560844
0.195127 0.572117
0.078986 0.597727
0.133114 0.554482
0.079208 0.524950
0.117147 0.556322
0.083684 0.575758
0.121627 0.536277
0.129428 0.544275
0.129590 0.551608
0.124699 0.555688
0.131118 0.543959
0.188951 0.570229
0.121456 0.509065
0.116930 0.562173
0.159916 0.554319
0.153503 0.536043
0.115647 0.538224
0.073099 0.572070
0.118111 0.562061
0.079862 0.564225
0.225250 0.512842
0.112208 0.545111
0.130268 0.553447
0.104611 0.546417
0.119584 0.589369
0.151656 0.582239
0.108756 0.560875
0.039350 0.582283
0.030047 0.514062
0.089855 0.534336
0.117551 0.559817
0.170677 0.564551
0.235268 0.513158
0.167888 0.591361
0.203193 0.525662
0.125085 0.548637
0.132219 0.559510
0.086918 0.526291
0.101841 0.591344
0.092690 0.521745
0.127525 0.582875
0.169932 0.527891
0.090772 0.585143
0.105784 0.535022
0.130281 0.507002
0.060317 0.521862
0.125106 0.549836
0.143431 0.547828
0.130219 0.552329
0.083525 0.574837
0.152943 0.571471
0.141693 0.551618
0.257942 0.552903
0.088166 0.589052
0.125796 0.547083
0.184337 0.550483
0.193543 0.482751
0.142580 0.527704
0.061606 0.506481
0.152467 0.554988
0.118923 0.545287
0.106698 0.554150
0.105826 0.544494
0.100065 0.532185
0.123365 0.551406
0.108215 0.557943
0.226373 0.587760
0.137908 0.572137
0.126738 0.541151
0.015879 0.603707
0.135682 0.548471
0.094125 0.516362
0.519516 0.140737
0.504534 0.121779
0.482761 0.154521
0.517931 0.161430
0.580429 0.156730
0.516048 0.138371
0.553647 0.169106
0.517427 0.137744
0.469014 0.149317
0.516108 0.128966
0.485418 0.119502
0.515020 0.140844
0.475379 0.127182
0.522264 0.130345
0.509905 0.137487
0.467863 0.134498
0.587953 0.181515
0.555962 0.101852
0.520073 0.135481
0.554577 0.120440
0.484133 0.150294
0.528507 0.160829
0.531906 0.128380
0.572372 0.151853
0.421315 0.049496
0.562085 0.171078
0.561833 0.130849
0.531829 0.162928
0.493053 0.164948
0.496369 0.126004
0.514685 0.134205
0.473295 0.068472
0.584250 0.148875
0.515594 0.135939
0.525311 0.150606
0.510292 0.141736
0.514014 0.153726
0.566048 0.124344
0.512332 0.167458
0.564647 0.185171
0.512572 0.134092
0.523657 0.137335
0.523476 0.097796
0.547416 0.137149
0.525112 0.136364
0.456626 0.128764
0.532118 0.110172
0.515517 0.166083
0.520205 0.145440
0.499340 0.180076
0.541437 0.140289
0.518400 0.184108
0.546245 0.138028
0.518743 0.133950
0.557819 0.172861
0.520720 0.099348
0.518047 0.137363
0.516341 0.137956
0.522998 0.188874
0.461010 0.055943
0.442919 0.105988
0.529837 0.119199
0.519403 0.138022
0.517812 0.104726
0.524062 0.193530
0.481391 0.145650
0.528327 0.129625
0.519522 0.134291
0.520807 0.133952
0.444770 0.068445
0.546501 0.209994
0.514714 0.107766
0.482212 0.161161
0.519121 0.133386
0.519910 0.106748
0.500067 0.079846
0.509281 0.155404
0.526497 0.105689
0.491164 0.117317
0.533791 0.145257
0.502311 0.150766
0.492479 0.160720
0.477458 0.111588
0.477867 0.055378
0.591360 0.148276
0.525832 0.107049
0.477261 0.150305
0.493403 0.078838
0.519808 0.147678
0.489273 0.105059
0.534118 0.078897
0.518311 0.126802
0.526066 0.132769
0.498392 0.132379
0.506913 0.081215
0.524710 0.095917
0.531754 0.136573
0.508615 0.168221
0.520040 0.106323
0.515098 0.098687
0.504039 0.136565
0.511082 0.121658
0.512320 0.136370
0.559093 0.109234
0.531827 0.171778
0.495752 0.134883
0.522660 0.128441
0.583640 0.142713
0.500519 0.077363
0.464060 0.083151
0.547298 0.162944
0.442415 0.004404
0.531792 0.136108
0.505559 0.138090
0.517599 0.191977
0.517194 0.134869
0.502994 0.132951
0.540264 0.111942
0.520229 0.136655
0.515398 0.118853
0.481343 0.121245
0.498526 0.103414
0.527592 0.110185
0.515110 0.134728
0.531765 0.141866
0.516897 0.126039
0.504393 0.166162
0.518996 0.133896
0.512110 0.173051
0.521455 0.077636
0.495865 0.123616
0.547652 0.161601
0.552511 0.122480
0.505427 0.152114
0.506964 0.131850
0.497280 0.133440
0.559635 0.115098
0.520234 0.098492
0.526739 0.138755
0.546853 0.132148
0.541359 0.176149
0.505828 0.125618
0.530047 0.095668
0.589298 0.176606
0.477191 0.142255
0.472168 0.154835
0.500760 0.140706
0.478157 0.138984
0.489570 0.132046
0.519004 0.136084
0.500267 0.168788
0.494128 0.128429
0.482628 0.061410
0.509288 0.131035
0.525293 0.152041
0.482749 0.032776
0.505415 0.118429
0.527672 0.133817
0.531963 0.121893
0.440228 0.078451
0.525457 0.143398
0.511170 0.132508
0.524517 0.123909
0.523359 0.182824
0.521065 0.076098
0.519774 0.134026
0.518012 0.132480
0.523164 0.141572
0.492071 0.065978
0.515614 0.104820
0.491227 0.130703
0.554024 0.132112
0.481697 0.138167
0.531705 0.216778
0.503298 0.150366
0.545682 0.132846
0.493862 0.108108
0.540108 0.160888
0.558173 0.133725
0.528236 0.147024
0.531385 0.132766
0.463835 0.059213
0.504771 0.114503
0.525518 0.182733
0.519208 0.128175
0.510170 0.128991
0.514455 0.106687
0.474792 0.104593
0.523182 0.133716
0.459557 0.114920
0.497778 0.159626
0.609322 0.173410
0.575184 0.127332
0.539399 0.163645
0.524981 0.186359
0.522458 0.102322
0.480004 0.085757
0.518115 0.125766
0.528845 0.093988
0.574531 0.183490
0.576872 0.178867
0.534907 0.122640
0.499091 0.123131
0.530281 0.112610
0.514308 0.124721
0.524481 0.095778
0.495254 0.138966
0.545067 0.105104
0.521374 0.185042
0.505494 0.055544
0.505942 0.130936
0.506752 0.131377
0.529719 0.124782
0.489587 0.109643
0.517883 0.138927
0.495044 0.157740
0.519261 0.133442
0.470030 0.026147
0.530556 0.170999
0.509323 0.158515
0.489368 0.118899
0.531991 0.136971
0.494842 0.157672
0.515213 0.117034
0.494772 0.078185
0.486784 0.080944
0.512166 0.122873
0.512761 0.143468
0.506706 0.133749
0.549125 0.155811
0.515285 0.156008
0.500583 0.070761
0.481222 0.097456
0.515058 0.182639
0.553669 0.187091
0.540383 0.134022
0.539487 0.138340
0.531701 0.145495
0.551056 0.139411
0.517980 0.141787
0.503189 0.150610
0.524960 0.132897
0.524942 0.114688
0.523850 0.187814
0.449820 0.115389
0.486045 0.122575
0.489044 0.166402
0.495152 0.134316
0.515381 0.134199
0.553419 0.137793
0.533941 0.136681
0.506753 0.149692
0.557686 0.184733
0.522713 0.128841
0.590504 0.173071
0.518263 0.134776
0.557914 0.142569
0.549827 0.137059
0.518792 0.133226
0.517569 0.154981
0.535562 0.204793
0.539125 0.177096
0.540200 0.205316
0.489877 0.120707
0.553714 0.154001
0.516186 0.129825
0.503907 0.160771
0.486210 0.132843
0.519456 0.137523
0.543643 0.136004
0.553192 0.134920
0.499429 0.111287
0.580278 0.139920
0.562968 0.144857
0.526740 0.157000
0.534925 0.183189
0.521468 0.134935
0.451333 0.109974
0.507100 0.151886
0.525187 0.169478
0.488046 0.138466
0.505926 0.097012
0.507957 0.138042
0.516418 0.189332
0.530254 0.137069
0.540882 0.115379
0.510846 0.115569
0.524759 0.126021
0.571556 0.165485
0.558447 0.158354
0.518243 0.135462
0.605090 0.181352
0.519626 0.126334
0.482617 0.150085
0.508319 0.143444
0.481106 0.149701
0.479233 0.136115
0.521237 0.135581
0.573150 0.121218
0.508894 0.127542
0.525568 0.132103
0.521649 0.143672
0.462390 0.110825
0.530855 0.134933
0.544215 0.132414
0.526785 0.138752
0.529954 0.156371
0.512720 0.153995
0.531725 0.090457
0.588605 0.170026
0.526112 0.149340
0.495730 0.104200
0.493103 0.061079
0.514170 0.202488
0.492446 0.176048
0.548540 0.176116
0.556942 0.140567
0.511792 0.125161
0.510517 0.146185
0.536914 0.145320
0.490392 0.172042
0.503634 0.130178
0.532119 0.208612
0.481998 0.152937
0.535674 0.214199
0.496878 0.127753
0.467350 0.132618
0.460056 0.105815
0.500954 0.177617
0.507347 0.123995
0.525958 0.145307
0.614651 0.220643
0.571737 0.176369
0.550243 0.128000
0.472128 0.133473
0.529489 0.135450
0.545295 0.177786
0.552332 0.140481
0.510049 0.176612
0.528647 0.135212
0.562359 0.115682
0.521733 0.133262
0.516900 0.132951
0.509870 0.153508
0.545517 0.121695
0.521856 0.118886
0.498057 0.162247
0.549485 0.139803
0.564720 0.129730
0.410086 0.373393
0.422624 0.388242
0.433951 0.435077
0.430468 0.357221
0.391000 0.385652
0.372693 0.297890
0.354430 0.370555
0.402067 0.381135
0.396519 0.380474
0.473152 0.361392
0.403795 0.384734
0.450873 0.379635
0.395080 0.369820
0.414674 0.374567
0.519013 0.410980
0.429827 0.433396
0.387035 0.387369
0.400762 0.382831
0.456258 0.367257
0.390526 0.418065
0.458455 0.361360
0.418858 0.411760
0.397790 0.389227
0.390074 0.389194
0.405761 0.412190
0.396968 0.437071
0.416378 0.399447
0.400564 0.355269
0.362295 0.418868
0.385558 0.431144
0.386361 0.314674
0.405886 0.395335
0.416214 0.376970
0.379542 0.374064
0.421812 0.359036
0.449074 0.401738
0.419862 0.376039
0.425592 0.412968
0.401178 0.427785
0.388454 0.371865
0.387147 0.366887
0.405719 0.417282
0.419441 0.414812
0.396006 0.384916
0.399436 0.412346
0.445073 0.387792
0.404839 0.329439
0.429239 0.425263
0.335615 0.397702
0.351886 0.339036
0.417904 0.388628
0.341720 0.406721
0.429858 0.393829
0.406364 0.393084
0.423815 0.402914
0.355334 0.334523
0.414861 0.324267
0.402482 0.383762
0.395305 0.385324
0.354634 0.379331
0.415698 0.430283
0.400506 0.347139
0.436551 0.373654
0.398476 0.371519
0.404019 0.385568
0.354796 0.405714
0.353029 0.335599
0.359823 0.413738
0.389765 0.342132
0.398229 0.365425
0.404101 0.383947
0.440744 0.383501
0.397617 0.434728
0.378519 0.348873
0.439041 0.390564
0.431783 0.461983
0.429253 0.436906
0.399829 0.385467
0.347943 0.411020
0.376771 0.387632
0.458367 0.366695
0.375590 0.399294
0.416913 0.383610
0.395485 0.381862
0.392768 0.391021
0.385501 0.390082
0.476072 0.374890
0.375223 0.377806
0.386410 0.353520
0.440477 0.366363
0.370473 0.391563
0.319722 0.403830
0.272747 0.362467
0.385687 0.390098
0.383716 0.389893
0.419997 0.344706
0.408074 0.324655
0.369474 0.395936
0.426934 0.360004
0.411307 0.429353
0.375837 0.409409
0.427151 0.351470
0.395804 0.391699
0.336211 0.402177
0.405359 0.329667
0.405490 0.382484
0.404934 0.374515
0.397051 0.365478
0.402661 0.382041
0.392388 0.347721
0.403372 0.383253
0.343711 0.421503
0.391574 0.366824
0.401661 0.386158
0.404294 0.375853
0.402543 0.383682
0.405721 0.409407
0.409787 0.373630
0.386531 0.377458
0.374046 0.392946
0.422720 0.373603
0.403846 0.451161
0.382780 0.302853
0.338082 0.311906
0.415380 0.408566
0.395505 0.388652
0.377234 0.378746
0.387960 0.423729
0.401149 0.386665
0.418690 0.371914
0.398052 0.387120
0.405913 0.395273
0.332314 0.363793
0.399825 0.373464
0.391294 0.318090
0.409434 0.392343
0.451092 0.389699
0.396792 0.422071
0.419680 0.417206
0.399936 0.359742
0.421453 0.322537
0.402440 0.387704
0.408058 0.411932
0.401241 0.380287
0.453614 0.335755
0.350905 0.371215
0.458561 0.402064
0.406246 0.396545
0.363987 0.346580
0.411152 0.375644
0.382441 0.416611
0.413253 0.433431
0.409329 0.371074
0.360042 0.342171
0.402055 0.382003
0.412772 0.370028
0.384652 0.424838
0.407504 0.363642
0.404104 0.381966
0.396971 0.384058
0.375865 0.354276
0.393101 0.336895
0.394793 0.390097
0.342491 0.310122
0.405564 0.397986
0.342384 0.407737
0.409175 0.387485
0.371127 0.354518
0.420622 0.351417
0.404756 0.392570
0.449091 0.412122
0.486698 0.389719
0.404916 0.385016
0.358375 0.329449
0.422222 0.395478
0.421865 0.391199
0.477873 0.391266
0.381045 0.412361
0.370859 0.377032
0.401313 0.446820
0.400690 0.386989
0.433041 0.379560
0.405335 0.390158
0.431303 0.339293
0.405020 0.395137
0.413949 0.393403
0.388735 0.403852
0.401670 0.385269
0.346585 0.362840
0.401118 0.431667
0.349227 0.406730
0.397962 0.446235
0.358149 0.366400
0.405929 0.390670
0.419691 0.424273
0.408241 0.382048
0.412252 0.379113
0.370665 0.348538
0.343147 0.359874
0.421302 0.418269
0.389833 0.381460
0.369769 0.341139
0.396897 0.422577
0.423290 0.384132
0.406346 0.385950
0.432976 0.441468
0.409208 0.370173
0.437684 0.374058
0.321724 0.345186
0.406399 0.405863
0.462990 0.368091
0.398693 0.387872
0.380108 0.383372
0.411564 0.416356
0.348607 0.364634
0.394995 0.365463
0.395642 0.386391
0.382544 0.445596
0.401562 0.387067
0.403461 0.364043
0.402243 0.458332
0.475207 0.396780
0.379914 0.394488
0.402168 0.383911
0.400030 0.356203
0.379733 0.382270
0.413067 0.447031
0.428329 0.351062
0.417174 0.417155
0.406877 0.370841
0.398394 0.383922
0.402828 0.405231
0.413334 0.444931
0.434851 0.372525
0.372318 0.328493
0.357604 0.398751
0.412170 0.419196
0.442119 0.357268
0.402770 0.364918
0.399363 0.375786
0.423902 0.383052
0.386386 0.369563
0.371947 0.322277
0.467419 0.382309
0.422677 0.334198
0.412545 0.372779
0.400994 0.384708
0.395732 0.374879
0.410676 0.380365
0.444970 0.383390
0.395481 0.352471
0.381368 0.399873
0.394999 0.400899
0.392143 0.405471
0.476663 0.432524
0.414775 0.390951
0.399867 0.386426
0.422411 0.385536
0.378017 0.409323
0.418780 0.422837
0.369942 0.389950
0.405731 0.387537
0.403260 0.383958
0.429889 0.465890
0.384271 0.397473
0.397797 0.380945
0.392399 0.386435
0.422777 0.396034
0.390213 0.373280
0.394377 0.393800
0.394436 0.379170
0.366609 0.403867
0.411153 0.419711
0.420434 0.403817
0.405678 0.407681
0.433787 0.441337
0.384837 0.385329
0.369733 0.411360
0.423303 0.422862
0.415914 0.381952
0.429384 0.348906
0.397323 0.392063
0.373322 0.395256
0.467876 0.416454
0.403222 0.382908
0.363055 0.431778
0.396542 0.378371
0.333130 0.380539
0.380033 0.354955
0.408954 0.340510
0.459140 0.356174
0.401282 0.377737
0.429092 0.327868
0.422091 0.370919
0.406549 0.374559
0.378571 0.342724
0.467935 0.348712
0.456139 0.365384
0.409171 0.395398
0.425270 0.431646
0.380144 0.445780
0.501760 0.417044
0.485596 0.362568
0.360789 0.357175
0.434997 0.421336
0.362990 0.391422
0.404223 0.384598
0.414581 0.389603
0.395203 0.330866
0.378202 0.394707
0.373233 0.301267
0.381862 0.358339
0.454717 0.362410
0.407935 0.386243
0.425405 0.381026
0.402445 0.393967
0.404094 0.387000
0.394532 0.378000
0.412207 0.388448
0.441656 0.388614
0.415294 0.417848
0.401730 0.361269
0.413384 0.413662
0.402949 0.378725
0.404025 0.388421
0.403197 0.374225
0.436891 0.419344
0.310246 0.400857
0.415255 0.415042
0.405238 0.383983
0.365794 0.418720
0.411837 0.382057
0.369412 0.425962
0.443719 0.353010
0.306641 0.348617
0.423686 0.367994
0.373269 0.371886
0.411408 0.378448
0.383089 0.383564
0.403519 0.391551
0.379338 0.399406
0.382508 0.375747
0.441770 0.364090
0.398438 0.333484
0.419588 0.430264
0.313314 0.290600
0.374252 0.393680
0.340861 0.401637
0.355510 0.398357
0.389899 0.383746
0.886111 0.541629
0.922843 0.533148
0.903276 0.514883
0.900303 0.563457
0.893233 0.594808
0.854784 0.527248
0.941291 0.583030
0.941032 0.527037
0.921395 0.551796
0.846967 0.515943
0.874872 0.538157
0.880084 0.551942
0.931197 0.601827
0.875991 0.542290
0.904778 0.549796
0.889469 0.525648
0.822011 0.590943
0.888735 0.540464
0.873513 0.612105
0.923602 0.585276
0.871756 0.520450
0.842493 0.578528
0.887118 0.534226
0.921034 0.522681
0.867406 0.498179
0.883333 0.650914
0.821508 0.576527
0.938966 0.524454
0.912719 0.542743
0.869588 0.519053
0.901730 0.528195
0.904388 0.497994
0.935295 0.485005
0.954987 0.532966
0.892337 0.535976
0.895014 0.551054
0.923421 0.512071
0.911985 0.477102
0.884268 0.544772
0.938319 0.581870
0.968911 0.528414
0.943271 0.542052
0.899781 0.534091
0.875457 0.487032
0.893910 0.525083
0.917239 0.605088
0.896312 0.541937
0.916264 0.539754
0.892709 0.538687
0.929535 0.490140
0.874106 0.602242
0.896093 0.538010
0.860884 0.535975
0.890532 0.536934
0.884952 0.522489
0.906423 0.604068
0.890950 0.529470
0.872513 0.491758
0.873442 0.494853
0.878946 0.568696
0.895881 0.539102
0.922481 0.527040
0.886526 0.539901
0.895078 0.537889
0.859673 0.521067
0.881815 0.559164
0.839007 0.510764
0.912063 0.591830
0.870987 0.530266
0.868823 0.527987
0.867857 0.508489
0.893397 0.522116
0.845141 0.534400
0.894475 0.540231
0.837179 0.597400
0.894514 0.543524
0.862075 0.546912
0.915565 0.525849
0.870578 0.562509
0.897124 0.532852
0.877555 0.513051
0.923865 0.549950
0.905728 0.502578
0.877585 0.546337
0.940367 0.522698
0.831512 0.572449
0.949297 0.618653
0.910371 0.548007
0.893051 0.568522
0.871611 0.573417
0.908386 0.554721
0.909598 0.527728
0.880641 0.545486
0.899187 0.542883
0.941017 0.525576
0.852217 0.546568
0.893543 0.537901
0.888591 0.538403
0.897178 0.543575
0.929657 0.607002
0.900065 0.540470
0.877269 0.550724
0.870619 0.526029
0.892287 0.538106
0.974390 0.531789
0.919947 0.488134
0.938630 0.526072
0.913592 0.494820
0.863656 0.493236
0.886456 0.531376
0.847989 0.537095
0.855267 0.639758
0.868472 0.534862
0.877154 0.518593
0.882009 0.516095
0.896073 0.530497
0.902206 0.535110
0.912280 0.555032
0.892383 0.525989
0.877012 0.532717
0.891945 0.534923
0.878296 0.552509
0.868687 0.570767
0.867698 0.540533
0.884454 0.581970
0.917606 0.466143
0.869471 0.621126
0.873638 0.561954
0.862585 0.434476
0.875808 0.556960
0.891336 0.536630
0.943168 0.587292
0.849161 0.564750
0.908370 0.596590
0.921272 0.527792
0.917910 0.496269
0.881020 0.514945
0.877711 0.531037
0.903068 0.506160
0.873858 0.576840
0.902100 0.528261
0.889289 0.500763
0.914681 0.523410
0.892029 0.518611
0.893872 0.556486
0.932901 0.540998
1.000000 0.571866
0.899086 0.490192
0.907485 0.552354
0.906899 0.591175
0.950699 0.518282
0.783701 0.605709
0.891270 0.493872
0.892882 0.496447
0.868306 0.427836
0.857471 0.538088
0.902357 0.555682
0.889822 0.540563
0.910297 0.519789
0.851275 0.558039
0.877319 0.573498
0.859392 0.461859
0.892323 0.517105
0.911630 0.520873
0.867703 0.567145
0.920203 0.497943
0.912807 0.539750
0.891444 0.533542
0.945582 0.610822
0.892701 0.538191
0.906762 0.533745
0.817642 0.558957
0.906628 0.576006
0.906371 0.431794
0.928707 0.423278
0.906976 0.569205
0.912910 0.508382
0.882723 0.517027
0.869508 0.542884
0.836693 0.490847
0.912483 0.586831
0.896796 0.540786
0.898200 0.580262
0.908928 0.577398
0.848531 0.507303
0.835824 0.560299
0.904557 0.552179
0.928159 0.523551
0.877723 0.611900
0.881678 0.560123
0.880934 0.521965
0.853132 0.562546
0.852726 0.617617
0.874500 0.562395
0.892871 0.538074
0.923356 0.553944
0.894741 0.574728
0.913898 0.528381
0.885813 0.543244
0.873333 0.504639
0.892550 0.540029
0.861029 0.494386
0.859135 0.587523
0.892193 0.548534
0.884724 0.516261
0.880234 0.565921
0.887717 0.534047
0.885283 0.553621
0.869291 0.515229
0.843554 0.569965
0.799750 0.522524
0.925236 0.510320
0.834344 0.541923
0.863590 0.549775
0.874199 0.478020
0.818923 0.520340
0.897259 0.555667
0.955736 0.543748
0.837415 0.502189
0.933092 0.629574
0.895719 0.478755
0.888846 0.543622
0.910268 0.533271
0.869305 0.557527
0.885456 0.519520
0.854077 0.507747
0.888983 0.555772
0.888003 0.523394
0.894032 0.596932
0.869792 0.530866
0.918723 0.600853
0.890920 0.545737
0.897114 0.543221
0.915144 0.589943
0.892875 0.538130
0.877744 0.497931
0.875468 0.549435
0.892920 0.540656
0.885779 0.533353
0.874893 0.522141
0.959713 0.591351
0.862228 0.552700
0.831497 0.541389
0.888196 0.535959
0.931362 0.551178
0.882461 0.505684
0.890232 0.540927
0.857820 0.514276
0.880456 0.540840
0.889957 0.536515
0.821597 0.459608
0.792665 0.540455
0.878759 0.571516
0.890106 0.539142
0.845973 0.530774
0.884023 0.532354
0.893830 0.556310
0.926157 0.503319
0.840565 0.445805
0.828260 0.570983
0.902547 0.560508
0.891246 0.566641
0.860182 0.470127
0.881886 0.524080
0.864858 0.532923
0.933236 0.516430
0.961294 0.593533
0.926967 0.543997
0.870018 0.511104
0.916659 0.577188
0.905987 0.482844
0.790960 0.604724
0.932733 0.610209
0.941431 0.499151
0.890007 0.581688
0.823756 0.447724
0.841509 0.547747
0.877818 0.524636
0.839580 0.498479
0.855900 0.572687
0.888125 0.537333
0.879714 0.492208
0.811424 0.576637
0.924279 0.561001
0.903393 0.570124
0.882408 0.523317
0.904038 0.588584
0.902757 0.525406
0.848882 0.538017
0.947669 0.486729
0.902627 0.549267
0.884651 0.554125
0.888939 0.535439
0.911442 0.604105
0.889723 0.534790
0.892183 0.536825
0.921623 0.515876
0.926682 0.536258
0.816185 0.578283
0.908037 0.534058
0.907970 0.447355
0.866131 0.548851
0.919200 0.581999
0.951973 0.607227
0.927865 0.536458
0.898527 0.527179
0.904785 0.481887
0.862460 0.596921
0.936686 0.503514
0.910146 0.559443
0.906259 0.499727
0.886285 0.547248
0.950871 0.495107
0.940451 0.515083
0.893974 0.537838
0.904502 0.650220
0.935123 0.586242
0.891168 0.538945
0.887521 0.525950
0.951313 0.507280
0.907576 0.526320
0.919343 0.519595
0.884821 0.508296
0.886666 0.625525
0.843223 0.475582
0.888901 0.540808
0.897611 0.541301
0.948770 0.571717
0.913306 0.558291
0.893251 0.539033
0.914031 0.584457
0.901316 0.519098
0.904774 0.548819
0.893768 0.541570
0.867320 0.538391
0.867238 0.548990
0.795774 0.547610
0.886556 0.534382
0.900412 0.562623
0.911803 0.531770
0.883577 0.486170
0.906778 0.534902
0.877611 0.540896
0.882781 0.532771
0.835410 0.479753
0.861830 0.572010
0.892060 0.537521
0.926200 0.521814
0.868903 0.495478
0.884664 0.550832
0.754739 0.842564
0.663823 0.952639
0.664173 0.835504
0.587496 0.900010
0.715266 0.838937
0.668258 0.876295
0.705564 0.899761
0.675950 0.873703
0.670481 0.875321
0.635346 0.860926
0.687224 0.776937
0.616868 0.913037
0.694849 0.882269
0.697217 0.870428
0.637766 0.902197
0.739564 0.895849
0.744671 0.979474
0.676412 0.876999
0.663250 0.887580
0.651476 0.881177
0.693981 0.876679
0.676508 0.874682
0.730705 0.892433
0.678522 0.880174
0.677174 0.907733
0.661286 0.933048
0.731829 0.920384
0.626961 0.870296
0.629236 0.784180
0.693504 0.828394
0.693579 0.905366
0.716065 0.883894
0.699525 0.925771
0.711359 0.835287
0.698585 0.912271
0.658265 0.886052
0.731777 0.865912
0.700512 0.878130
0.684120 0.848544
0.678612 0.881376
0.713873 0.883247
0.709298 0.851190
0.701263 0.857875
0.660221 0.908647
0.693606 0.876417
0.639387 0.879582
0.760758 0.920844
0.688237 0.908594
0.695432 0.897323
0.696376 0.872999
0.716745 0.836169
0.754102 0.919875
0.713162 0.894165
0.745735 0.979830
0.699246 0.899143
0.683908 0.864857
0.709343 0.935646
0.694879 0.880903
0.695824 0.853807
0.684421 0.951110
0.643763 0.871283
0.689782 0.860112
0.672255 0.835999
0.694638 0.881126
0.697970 0.905522
0.692459 0.880537
0.738891 0.923848
0.694608 0.898216
0.700533 0.879635
0.592999 0.949029
0.701130 0.840155
0.743851 0.832280
0.658491 0.925267
0.691992 0.879953
0.634926 0.887713
0.692901 0.904560
0.701003 0.883263
0.702955 0.872723
0.701839 0.865402
0.688590 0.875818
0.676267 0.891538
0.681931 0.893255
0.694307 0.853387
0.741638 0.910448
0.667386 0.942459
0.721025 0.840516
0.688378 0.874874
0.696338 0.889117
0.722059 0.917281
0.704076 0.898278
0.680937 0.816298
0.816524 0.918313
0.693648 0.876865
0.644949 0.853309
0.692297 0.880110
0.684855 0.874032
0.704526 0.893021
0.688879 0.904138
0.703390 0.929479
0.691422 0.875926
0.700968 0.861324
0.681884 0.942688
0.695377 0.885648
0.699888 0.908566
0.696714 0.877623
0.581697 0.875849
0.688231 0.877523
0.703105 0.868883
0.734970 0.876161
0.691518 0.875859
0.701354 0.877962
0.704014 0.865696
0.665503 0.846702
0.696091 0.883280
0.698126 0.879573
0.704606 0.860434
0.698810 0.880149
0.722748 0.837763
0.699722 0.921122
0.696862 0.886211
0.685131 0.888864
0.685627 0.863974
0.679984 0.880281
0.690238 0.878509
0.692306 0.895726
0.662833 0.950282
0.726810 0.886376
0.685505 0.845136
0.701340 0.854497
0.702905 0.872399
0.692812 0.879541
0.735847 0.902220
0.701754 0.856582
0.694517 0.872541
0.684701 0.856893
0.660287 0.765702
0.704558 0.934785
0.697501 0.920266
0.610206 0.867014
0.678168 0.790051
0.722317 0.890146
0.658727 0.854594
0.688539 0.879617
0.692943 0.881118
0.656150 0.855313
0.693371 0.875239
0.688808 0.878010
0.654947 0.955041
0.615399 0.878706
0.763688 0.825770
0.674123 0.794617
0.682782 0.976392
0.678153 0.904808
0.666726 0.899000
0.703591 0.869904
0.705756 0.906678
0.687585 0.874630
0.633092 0.863696
0.718941 0.858163
0.699916 0.882163
0.684019 0.878509
0.694486 0.878031
0.722976 0.952471
0.746789 0.879305
0.667004 0.876758
0.698493 0.887235
0.701605 0.856742
0.701529 0.843586
0.694172 0.901462
0.716538 0.851936
0.704531 0.929568
0.691819 0.831373
0.689844 0.882946
0.695057 0.880537
0.679215 0.862305
0.675417 0.888964
0.672341 0.880398
0.705111 0.921246
0.686413 0.879388
0.674441 0.892129
0.672695 0.988176
0.678733 0.863884
0.665085 0.923633
0.645085 0.858259
0.620636 0.865787
0.649051 0.854602
0.727812 0.951263
0.682573 0.906461
0.741154 0.871063
0.686200 0.892952
0.732656 0.903053
0.694817 0.880223
0.706904 0.832350
0.699512 0.869010
0.689503 0.864771
0.708202 0.821848
0.677354 0.887117
0.696990 0.880412
0.726269 0.849823
0.689239 0.886102
0.715356 0.879789
0.703939 0.897033
0.691127 0.826031
0.694499 0.932264
0.655790 0.878196
0.684088 0.899006
0.683769 0.816275
0.693083 0.895200
0.706165 0.894096
0.694884 0.891161
0.705611 0.840399
0.698358 0.859602
0.670555 0.885198
0.669647 0.833286
0.694858 0.879924
0.693325 0.880210
0.704349 0.881261
0.689727 0.860004
0.694745 0.880456
0.708538 0.882216
0.682346 0.829178
0.693553 0.908879
0.694687 0.879492
0.611119 0.812769
0.654839 0.873092
0.706618 0.812954
0.683684 0.845302
0.740198 0.904874
0.729285 0.907415
0.696467 0.859250
0.692209 0.884600
0.689438 0.890063
0.670173 0.830739
0.697294 0.849639
0.677246 0.877327
0.685683 0.889280
0.695318 0.897274
0.658268 0.883731
0.693103 0.903426
0.652749 0.840059
0.678000 0.908436
0.657698 0.865931
0.642788 0.889186
0.692517 0.882692
0.746551 0.893185
0.709321 0.932298
0.693731 0.883794
0.700501 0.911604
0.632609 0.883010
0.614400 0.873279
0.778481 0.857951
0.689506 0.929365
0.750451 0.896407
0.667230 0.863624
0.694478 1.000000
0.696003 0.984878
0.698029 0.919494
0.651904 0.917848
0.672858 0.824139
0.703294 0.865300
0.686541 0.878136
0.703359 0.900660
0.676136 0.907776
0.741333 0.876826
0.692869 0.876225
0.715583 0.786938
0.628964 0.941387
0.691644 0.879789
0.691602 0.876564
0.710945 0.889334
0.726805 0.863814
0.671253 0.907896
0.728248 0.870119
0.703183 0.862005
0.687066 0.867854
0.730334 0.927954
0.668187 0.884581
0.647652 0.898883
0.679011 0.858889
0.638396 0.910367
0.703171 0.897878
0.700457 0.880586
0.682733 0.861665
0.693164 0.862301
0.711285 0.869287
0.717982 0.917427
0.646993 0.872743
0.677410 0.919993
0.718567 0.886132
0.721602 0.883669
0.689790 0.878900
0.622716 0.778142
0.692737 0.889096
0.718782 0.875604
0.730724 0.972384
0.672259 0.908291
0.694910 0.880791
0.752942 0.876191
0.682860 0.878944
0.663409 0.856323
0.693080 0.861331
0.701444 0.888948
0.631198 0.847861
0.665349 0.877251
0.699921 0.872977
0.685544 0.955216
0.774964 0.941462
0.618321 0.941191
0.705542 0.861972
0.715913 0.927478
0.755615 0.900223
0.687684 0.865691
0.754204 0.900374
0.710664 0.833435
0.752464 0.869608
0.704909 0.940001
0.745798 0.904222
0.690662 0.890450
0.704178 0.877588
0.689356 0.880125
0.695798 0.891363
0.693772 0.880264
0.708501 0.904580
0.619496 0.917160
0.689807 0.869797
0.714909 0.855410
0.621686 0.950616
0.708239 0.804591
0.692645 0.814804
0.703961 0.964138
0.736368 0.900445
0.585739 0.894293
0.716923 0.841378
0.724772 0.859501
0.617529 0.842163
0.578040 0.899673
0.725959 0.890895
0.695345 0.890561
0.693444 0.884853
0.701844 0.915195
0.704251 0.894715
0.723034 0.957044
0.664294 0.829975
0.697926 0.872466
0.678484 0.955790
0.685256 0.872976
0.713279 0.883875
0.669584 0.880943
0.615436 0.878154
0.705068 0.860608